new clan for ele 1
new clan for ele 2
new clan for ele 3
new clan for ele 4
new clan for ele 5
000117 81.3 00009035 00008869 gi|112 00023978 00024130 gi|133 
000238 81.3 00009371 00009036 gi|112 00023642 00023963 gi|133 
000384 78.7 00016531 00015896 gi|100 00013555 00014239 gi|192 
000210 78.7 00015846 00015524 gi|100 00014240 00014611 gi|192 
000279 83.3 00017769 00018551 gi|165 00011625 00012398 gi|238 
000013 83.3 00018543 00018585 gi|165 00012399 00012432 gi|238 
000572 81.5 00014876 00014179 gi|175 00004345 00005036 gi|241 
000034 81.5 00014184 00014138 gi|175 00005037 00005077 gi|241 
000052 77.7 00023888 00023850 gi|74 00016540 00016570 gi|100 
000393 77.7 00024177 00023889 gi|74 00016251 00016531 gi|100 
000109 80.0 00027235 00027203 gi|108 00024955 00024981 gi|247 
000206 80.0 00027297 00027236 gi|108 00024893 00024948 gi|247 
000134 76.1 00017349 00017384 gi|78 00001978 00002014 gi|134 
000131 76.1 00017385 00017419 gi|78 00002014 00002049 gi|134 
000362 82.8 00015666 00015837 gi|90 00005914 00006082 gi|133 
000140 82.8 00015838 00015903 gi|90 00006086 00006148 gi|133 
000145 78.9 00015679 00015837 gi|90 00015376 00015541 gi|140 
000163 78.9 00015838 00016015 gi|90 00015535 00015719 gi|140 
000043 72.4 00019969 00019998 gi|12 00011194 00011226 gi|38 
000263 72.4 00020002 00020196 gi|12 00011227 00011424 gi|38 
000383 76.0 00000659 00000802 gi|70 00020307 00020443 gi|248 
000098 76.0 00000796 00000837 gi|70 00020444 00020478 gi|248 
000258 79.5 00031591 00031704 gi|60 00018670 00018776 gi|65 
000078 79.5 00031698 00031736 gi|60 00018777 00018808 gi|65 
000461 74.3 00022661 00022424 gi|88 00026594 00026825 gi|123 
000134 74.3 00022730 00022662 gi|88 00026525 00026587 gi|123 
000377 72.1 00008359 00008577 gi|24 00022430 00022661 gi|88 
000070 72.1 00008591 00008620 gi|24 00022662 00022704 gi|88 
000779 80.6 00040091 00039764 gi|20 00018358 00018731 gi|219 
000261 80.6 00039717 00039639 gi|20 00018732 00018856 gi|219 
007763 98.6 00040000 00039118 gi|145 00018942 00019819 gi|247 
016642 98.6 00039122 00037236 gi|145 00019820 00021701 gi|247 
000095 73.8 00008799 00008875 gi|112 00026072 00026152 gi|215 
000190 73.8 00008876 00009029 gi|112 00026149 00026306 gi|215 
000068 75.5 00008838 00008875 gi|112 00005833 00005864 gi|161 
000270 75.5 00008876 00009025 gi|112 00005871 00006014 gi|161 
000020 74.9 00028581 00028642 gi|153 00013523 00013554 gi|192 
000437 74.9 00028549 00027960 gi|153 00013555 00014236 gi|192 
000265 80.8 00022865 00022937 gi|141 00030672 00030749 gi|249 
000113 80.8 00022938 00022968 gi|141 00030745 00030780 gi|249 
000256 77.5 00013917 00014056 gi|44 00007464 00007602 gi|226 
000078 77.5 00014056 00014098 gi|44 00007603 00007644 gi|226 
000199 76.9 00028898 00028991 gi|199 00007508 00007602 gi|226 
000085 76.9 00028993 00029031 gi|199 00007603 00007642 gi|226 
000049 73.5 00024145 00024184 gi|32 00035086 00035118 gi|243 
000305 73.5 00024178 00024386 gi|32 00035119 00035320 gi|243 
000394 75.7 00026624 00026807 gi|186 00035144 00035325 gi|243 
000074 75.7 00026806 00026841 gi|186 00035326 00035359 gi|243 
000198 73.8 00005376 00005142 gi|10 00016478 00016708 gi|219 
000067 73.8 00005145 00005064 gi|10 00016709 00016786 gi|219 
000038 77.4 00008322 00008358 gi|24 00024827 00024858 gi|76 
000231 77.4 00008354 00008551 gi|24 00024859 00025051 gi|76 
000214 75.8 00031275 00031052 gi|42 00037702 00037910 gi|76 
000046 75.8 00031066 00031008 gi|42 00037911 00037954 gi|76 
000269 77.7 00036287 00036054 gi|121 00016525 00016763 gi|193 
000041 77.7 00036322 00036288 gi|121 00016490 00016529 gi|193 
000162 77.7 00036287 00036187 gi|121 00028345 00028448 gi|153 
000626 77.7 00036675 00036288 gi|121 00027957 00028347 gi|153 
000219 79.5 00023978 00024120 gi|133 00014474 00014611 gi|241 
000063 79.5 00024121 00024161 gi|133 00014617 00014652 gi|241 
000245 81.2 00012526 00012634 gi|2 00024003 00024120 gi|133 
000084 81.2 00012644 00012674 gi|2 00024121 00024160 gi|133 
000114 75.2 00010978 00011033 gi|227 00007524 00007566 gi|254 
000379 75.2 00011021 00011175 gi|227 00007567 00007708 gi|254 
000306 72.8 00026806 00026626 gi|186 00022424 00022609 gi|199 
000088 72.8 00026858 00026807 gi|186 00022372 00022428 gi|199 
000425 76.6 00026626 00026806 gi|186 00003286 00003459 gi|229 
000127 76.6 00026807 00026860 gi|186 00003467 00003513 gi|229 
000350 80.4 00010224 00010114 gi|112 00026694 00026806 gi|186 
000131 80.4 00010111 00010072 gi|112 00026807 00026848 gi|186 
000199 77.3 00003252 00003180 gi|229 00039735 00039819 gi|252 
000603 77.3 00003472 00003253 gi|229 00039515 00039746 gi|252 
000068 73.0 00016808 00016783 gi|151 00003215 00003252 gi|229 
000400 73.0 00016770 00016563 gi|151 00003253 00003472 gi|229 
000312 75.5 00008867 00008686 gi|227 00003252 00003472 gi|229 
000079 75.5 00008646 00008630 gi|227 00003473 00003528 gi|229 
000167 78.5 00035759 00035644 gi|125 00003359 00003472 gi|229 
000083 78.5 00035645 00035588 gi|125 00003473 00003528 gi|229 
000248 74.6 00008191 00008006 gi|29 00026601 00026776 gi|123 
000060 74.6 00008236 00008192 gi|29 00026556 00026590 gi|123 
000285 73.2 00008191 00008006 gi|29 00016470 00016667 gi|219 
000065 73.2 00008233 00008192 gi|29 00016428 00016481 gi|219 
000400 76.1 00008009 00008191 gi|29 00012235 00012409 gi|139 
000158 76.1 00008192 00008263 gi|29 00012418 00012481 gi|139 
000526 78.7 00024067 00024387 gi|32 00022765 00023092 gi|128 
000082 78.7 00024388 00024437 gi|32 00023086 00023142 gi|128 
000230 70.9 00024192 00024387 gi|32 00032892 00033101 gi|66 
000041 70.9 00024388 00024421 gi|32 00033088 00033135 gi|66 
000134 79.1 00036871 00036932 gi|121 00022377 00022431 gi|199 
000235 79.1 00036926 00037028 gi|121 00022432 00022527 gi|199 
000279 76.6 00032911 00033087 gi|66 00002104 00002269 gi|88 
000065 76.6 00033088 00033128 gi|66 00002281 00002310 gi|88 
000102 72.7 00032822 00032872 gi|66 00023710 00023771 gi|70 
000295 72.7 00032873 00033019 gi|66 00023761 00023918 gi|70 
000163 69.2 00020205 00020099 gi|12 00017890 00018004 gi|71 
000100 69.2 00020270 00020206 gi|12 00017825 00017897 gi|71 
000331 76.1 00020205 00020103 gi|12 00002990 00003087 gi|245 
000113 76.1 00020240 00020206 gi|12 00002955 00002984 gi|245 
000149 80.4 00020129 00020205 gi|12 00024032 00024093 gi|70 
000127 80.4 00020206 00020270 gi|12 00024109 00024158 gi|70 
000577 79.9 00008364 00008601 gi|24 00012191 00012418 gi|139 
000157 79.9 00008592 00008663 gi|24 00012419 00012480 gi|139 
000308 72.9 00012191 00012418 gi|139 00018206 00018423 gi|215 
000090 72.9 00012419 00012484 gi|139 00018434 00018489 gi|215 
000438 82.7 00012418 00012191 gi|139 00038078 00038275 gi|249 
000203 82.7 00012523 00012419 gi|139 00037973 00038047 gi|249 
000630 76.4 00012418 00012197 gi|139 00016488 00016701 gi|219 
000091 76.4 00012450 00012419 gi|139 00016456 00016479 gi|219 
000254 72.3 00007310 00007522 gi|24 00012210 00012418 gi|139 
000080 72.3 00007519 00007587 gi|24 00012419 00012483 gi|139 
000185 74.8 00012233 00012418 gi|139 00007677 00007832 gi|167 
000187 74.8 00012419 00012605 gi|139 00007863 00008019 gi|167 
000123 74.8 00036094 00036016 gi|93 00012323 00012418 gi|139 
000159 74.8 00035998 00035893 gi|93 00012419 00012541 gi|139 
000076 75.8 00000491 00000566 gi|70 00016392 00016479 gi|219 
000196 75.8 00000579 00000793 gi|70 00016480 00016706 gi|219 
000051 71.6 00016479 00016434 gi|219 00009962 00010027 gi|231 
000212 71.6 00016669 00016480 gi|219 00009772 00009981 gi|231 
000300 74.5 00008326 00008586 gi|24 00018164 00018446 gi|215 
000162 74.5 00008587 00008726 gi|24 00018425 00018586 gi|215 
000304 74.6 00008586 00008383 gi|24 00013029 00013236 gi|120 
000048 74.6 00008618 00008587 gi|24 00012997 00013032 gi|120 
000277 71.8 00022883 00022624 gi|128 00031772 00032028 gi|201 
000060 71.8 00022939 00022884 gi|128 00031716 00031768 gi|201 
000190 78.7 00024067 00024178 gi|32 00022765 00022883 gi|128 
000336 78.7 00024186 00024387 gi|32 00022884 00023092 gi|128 
000106 79.8 00007332 00007389 gi|15 00022841 00022883 gi|128 
000259 79.8 00007375 00007494 gi|15 00022884 00022988 gi|128 
000037 77.7 00027609 00027609 gi|12 00022852 00022883 gi|128 
000304 77.7 00027641 00027868 gi|12 00022884 00023142 gi|128 
000042 71.8 00022663 00022624 gi|128 00031992 00032028 gi|201 
000229 71.8 00022878 00022664 gi|128 00031777 00031988 gi|201 
000048 76.2 00027603 00027621 gi|12 00037136 00037174 gi|177 
000243 76.2 00027642 00027815 gi|12 00037175 00037368 gi|177 
000051 74.7 00037174 00037136 gi|177 00039728 00039794 gi|252 
000256 74.7 00037368 00037175 gi|177 00039534 00039755 gi|252 
000318 78.1 00008673 00008863 gi|227 00039520 00039727 gi|252 
000086 78.1 00008864 00008914 gi|227 00039711 00039778 gi|252 
000130 75.1 00024180 00024095 gi|32 00007461 00007549 gi|127 
000144 75.1 00024275 00024181 gi|32 00007366 00007463 gi|127 
000055 77.5 00024146 00024180 gi|32 00029829 00029861 gi|165 
000308 77.5 00024181 00024372 gi|32 00029864 00030053 gi|165 
000080 78.0 00035556 00035531 gi|19 00024147 00024180 gi|32 
000238 78.0 00035522 00035430 gi|19 00024181 00024281 gi|32 
000052 71.8 00027641 00027598 gi|12 00039708 00039776 gi|252 
000231 71.8 00027834 00027642 gi|12 00039515 00039732 gi|252 
000125 72.5 00022344 00022432 gi|88 00007562 00007638 gi|167 
000320 72.5 00022433 00022658 gi|88 00007651 00007864 gi|167 
000149 79.6 00028026 00027826 gi|12 00008511 00008678 gi|227 
000162 79.6 00027858 00027644 gi|12 00008679 00008860 gi|227 
000123 77.2 00035006 00034912 gi|51 00008567 00008678 gi|227 
000156 77.2 00034894 00034770 gi|51 00008679 00008820 gi|227 
000108 82.7 00023161 00023077 gi|128 00008613 00008678 gi|227 
000289 82.7 00023095 00022901 gi|128 00008679 00008854 gi|227 
000253 77.7 00027643 00027832 gi|12 00022886 00023106 gi|128 
000008 77.7 00027863 00027868 gi|12 00023106 00023142 gi|128 
000023 79.6 00027863 00027832 gi|12 00008674 00008672 gi|227 
000121 79.6 00028026 00027864 gi|12 00008511 00008640 gi|227 
new clan for ele 6
000239 75.1 00010039 00010200 gi|146 00002033 00002174 gi|171 
000147 75.1 00010201 00010299 gi|146 00002195 00002273 gi|171 
000070 79.5 00021992 00022086 gi|14 00026114 00026179 gi|17 
000210 79.5 00022058 00022283 gi|14 00026180 00026376 gi|17 
000307 73.5 00013931 00014195 gi|167 00010593 00010838 gi|222 
000054 73.5 00014177 00014238 gi|167 00010839 00010881 gi|222 
000232 75.7 00016946 00017138 gi|14 00010642 00010838 gi|222 
000050 75.7 00017143 00017180 gi|14 00010839 00010880 gi|222 
000312 78.8 00038603 00038802 gi|75 00001986 00002212 gi|171 
000086 78.8 00038803 00038857 gi|75 00002186 00002267 gi|171 
000208 77.8 00002032 00002192 gi|171 00038735 00038880 gi|220 
000101 77.8 00002193 00002270 gi|171 00038896 00038958 gi|220 
000059 77.8 00002271 00002315 gi|171 00038974 00039003 gi|220 
new clan for ele 7
000498 80.8 00007607 00007753 gi|27 00038694 00038836 gi|101 
000322 80.8 00007750 00007845 gi|27 00038837 00038928 gi|101 
000408 85.5 00029689 00029620 gi|33 00017446 00017516 gi|253 
001542 85.5 00029618 00029352 gi|33 00017517 00017784 gi|253 
001380 84.3 00001312 00001575 gi|48 00017516 00017784 gi|253 
000432 84.3 00001581 00001659 gi|48 00017785 00017868 gi|253 
001019 75.8 00008101 00007874 gi|27 00015197 00015425 gi|163 
000552 75.8 00007872 00007750 gi|27 00015426 00015549 gi|163 
000136 77.8 00037315 00037275 gi|85 00015547 00015579 gi|163 
000405 77.8 00037436 00037316 gi|85 00015426 00015538 gi|163 
000350 79.5 00007750 00007872 gi|27 00003524 00003670 gi|163 
002200 79.5 00007873 00008645 gi|27 00003647 00004443 gi|163 
new clan for ele 8
new clan for ele 10
001369 75.7 00011888 00011432 gi|173 00003484 00003912 gi|244 
010441 75.7 00015371 00011889 gi|173 00000001 00003455 gi|244 
new clan for ele 11
000400 80.1 00017282 00017412 gi|40 00005814 00005953 gi|120 
000109 80.1 00017422 00017450 gi|40 00005954 00005991 gi|120 
000260 82.1 00019917 00020045 gi|80 00005814 00005953 gi|120 
000226 82.1 00020057 00020166 gi|80 00005954 00006074 gi|120 
000503 81.9 00014699 00014570 gi|23 00022052 00022178 gi|188 
000207 81.9 00014572 00014518 gi|23 00022179 00022230 gi|188 
000311 83.6 00012872 00012751 gi|19 00033342 00033450 gi|166 
000320 83.6 00012997 00012873 gi|19 00033217 00033328 gi|166 
000277 82.0 00020980 00020872 gi|41 00031731 00031849 gi|210 
000096 82.0 00020861 00020831 gi|41 00031850 00031890 gi|210 
000350 76.7 00017285 00017418 gi|40 00019920 00020054 gi|80 
000209 76.7 00017419 00017498 gi|40 00020054 00020134 gi|80 
000227 87.0 00020850 00020975 gi|41 00019915 00020059 gi|80 
000066 87.0 00020976 00021011 gi|41 00020041 00020095 gi|80 
000140 76.1 00010788 00010892 gi|100 00008608 00008714 gi|212 
000292 76.1 00010893 00011109 gi|100 00008713 00008931 gi|212 
new clan for ele 12
000138 82.5 00002599 00002533 gi|66 00036483 00036532 gi|150 
000166 82.5 00002679 00002600 gi|66 00036403 00036465 gi|150 
000186 78.4 00037933 00037870 gi|107 00036481 00036532 gi|150 
000111 78.4 00037971 00037934 gi|107 00036443 00036468 gi|150 
new clan for ele 13
new clan for ele 14
000898 72.9 00011148 00010657 gi|114 00004839 00005341 gi|127 
000070 72.9 00010645 00010618 gi|114 00005342 00005380 gi|127 
000377 72.6 00040205 00039911 gi|7 00038821 00039125 gi|27 
000055 72.6 00039900 00039867 gi|7 00039126 00039169 gi|27 
000091 78.4 00016807 00016923 gi|33 00006303 00006429 gi|227 
000182 78.4 00016924 00017156 gi|33 00006420 00006662 gi|227 
000477 82.8 00001811 00002139 gi|104 00021255 00021511 gi|144 
000070 82.8 00002140 00002187 gi|104 00021584 00021559 gi|144 
000217 80.6 00032270 00032129 gi|77 00006594 00006774 gi|133 
000082 80.6 00032089 00032061 gi|77 00006775 00006842 gi|133 
000056 76.1 00042426 00042502 gi|196 00018880 00018935 gi|202 
000242 76.1 00042482 00042743 gi|196 00018936 00019176 gi|202 
000295 80.2 00023380 00023211 gi|216 00004194 00004375 gi|249 
000117 80.2 00023447 00023381 gi|216 00004127 00004205 gi|249 
000157 73.0 00003798 00003723 gi|117 00028205 00028264 gi|178 
000388 73.0 00003985 00003799 gi|117 00028018 00028188 gi|178 
003121 76.6 00027259 00028187 gi|178 00036853 00037787 gi|179 
000274 76.6 00028194 00028269 gi|178 00037788 00037869 gi|179 
000137 76.7 00028241 00028193 gi|178 00039580 00039621 gi|233 
000910 76.7 00028199 00027916 gi|178 00039622 00039898 gi|233 
000082 75.7 00024394 00024294 gi|135 00037526 00037663 gi|229 
000418 75.7 00024903 00024395 gi|135 00037017 00037562 gi|229 
000037 79.8 00024356 00024394 gi|135 00000730 00000749 gi|226 
000450 79.8 00024395 00024866 gi|135 00000769 00001221 gi|226 
000350 75.5 00004156 00005014 gi|83 00027362 00028190 gi|178 
000023 75.5 00004985 00005068 gi|83 00028191 00028244 gi|178 
000157 75.8 00027978 00027864 gi|165 00006283 00006419 gi|227 
000674 75.8 00027841 00027278 gi|165 00006420 00007005 gi|227 
000021 75.7 00024394 00024395 gi|135 00037526 00037562 gi|229 
000061 75.7 00024357 00024294 gi|135 00037563 00037663 gi|229 
000068 79.6 00026516 00026636 gi|1 00030184 00030236 gi|28 
000576 79.6 00026569 00027083 gi|1 00030237 00030683 gi|28 
000287 75.4 00000001 00000214 gi|153 00019177 00019390 gi|202 
000068 75.4 00000215 00000264 gi|153 00019391 00019440 gi|202 
000106 77.9 00034204 00034158 gi|59 00004142 00004196 gi|249 
000593 77.9 00034149 00033852 gi|59 00004197 00004502 gi|249 
000088 85.5 00000242 00000207 gi|153 00004158 00004196 gi|249 
000468 85.5 00000203 00000001 gi|153 00004197 00004402 gi|249 
000455 77.2 00033946 00034155 gi|59 00000001 00000210 gi|153 
000079 77.2 00034156 00034191 gi|59 00000211 00000246 gi|153 
000033 79.6 00026516 00026574 gi|1 00030184 00030174 gi|28 
000035 79.6 00026575 00026636 gi|1 00030243 00030236 gi|28 
000107 78.5 00021000 00021183 gi|118 00000053 00000210 gi|153 
000206 78.5 00021158 00021483 gi|118 00000211 00000510 gi|153 
000137 80.2 00027269 00027118 gi|1 00000089 00000210 gi|153 
000315 80.2 00027147 00026840 gi|1 00000211 00000488 gi|153 
000115 76.2 00037349 00037448 gi|83 00000117 00000210 gi|153 
000295 76.2 00037443 00037689 gi|83 00000211 00000451 gi|153 
000098 79.8 00003666 00003614 gi|108 00000154 00000210 gi|153 
000183 79.8 00003609 00003509 gi|108 00000211 00000315 gi|153 
000534 74.8 00026711 00027207 gi|16 00009570 00010066 gi|237 
000047 74.8 00027208 00027250 gi|16 00010067 00010109 gi|237 
new clan for ele 15
new clan for ele 16
new clan for ele 17
000444 78.2 00014165 00013905 gi|81 00019016 00019270 gi|174 
000017 78.2 00014202 00014193 gi|81 00018979 00018982 gi|174 
000037 78.0 00006692 00006724 gi|135 00030617 00030641 gi|200 
000219 78.0 00006725 00006914 gi|135 00030650 00030831 gi|200 
000050 79.1 00029723 00029759 gi|14 00030861 00030917 gi|223 
000291 79.1 00029760 00029971 gi|14 00030898 00031129 gi|223 
042593 99.4 00008035 00003332 gi|34 00007886 00012584 gi|142 
034391 99.4 00011833 00008036 gi|34 00004088 00007880 gi|142 
new clan for ele 18
new clan for ele 19
new clan for ele 20
new clan for ele 21
new clan for ele 22
000068 75.4 00022275 00022330 gi|164 00023228 00023257 gi|215 
000305 75.4 00022331 00022579 gi|164 00023284 00023506 gi|215 
000412 73.9 00021315 00021055 gi|64 00002295 00002564 gi|171 
000053 73.9 00021045 00021021 gi|64 00002565 00002598 gi|171 
000072 77.1 00026080 00026058 gi|167 00022739 00022791 gi|247 
000251 77.1 00026027 00025876 gi|167 00022792 00022973 gi|247 
000076 79.5 00019066 00019104 gi|19 00026573 00026586 gi|232 
000963 79.5 00019105 00019596 gi|19 00026612 00027078 gi|232 
001439 72.5 00019140 00019666 gi|19 00002229 00002766 gi|138 
000227 72.5 00019667 00019749 gi|19 00002756 00002849 gi|138 
000209 77.3 00034657 00034937 gi|220 00034470 00034737 gi|253 
000097 77.3 00034938 00035066 gi|220 00034751 00034866 gi|253 
000059 76.0 00005170 00005232 gi|191 00013377 00013408 gi|245 
000761 76.0 00005202 00005639 gi|191 00013409 00013815 gi|245 
000109 80.9 00001374 00001529 gi|10 00019126 00019254 gi|138 
000156 80.9 00001530 00001750 gi|10 00019282 00019475 gi|138 
000104 78.5 00037377 00037297 gi|23 00013094 00013166 gi|162 
000278 78.5 00037304 00037103 gi|23 00013167 00013360 gi|162 
000112 77.2 00021003 00021066 gi|64 00021716 00021769 gi|231 
000490 77.2 00021057 00021300 gi|64 00021770 00022003 gi|231 
000069 77.7 00019531 00019492 gi|138 00021720 00021769 gi|231 
000313 77.7 00019481 00019266 gi|138 00021770 00021995 gi|231 
000405 76.9 00013639 00013878 gi|36 00021772 00022003 gi|231 
000163 76.9 00013871 00013971 gi|36 00022004 00022096 gi|231 
000059 79.2 00037341 00037312 gi|23 00039239 00039271 gi|75 
000371 79.2 00037308 00037107 gi|23 00039272 00039476 gi|75 
000448 82.3 00039507 00039361 gi|75 00028121 00028271 gi|218 
000190 82.3 00039569 00039508 gi|75 00028059 00028124 gi|218 
000093 72.1 00020679 00020775 gi|94 00016016 00016121 gi|210 
000241 72.1 00020776 00021026 gi|94 00016113 00016372 gi|210 
000246 82.5 00019240 00019492 gi|138 00025794 00026047 gi|167 
000038 82.5 00019493 00019531 gi|138 00026047 00026086 gi|167 
000285 73.8 00022333 00022578 gi|164 00012598 00012846 gi|246 
000083 73.8 00022579 00022649 gi|164 00012844 00012917 gi|246 
000274 71.8 00022578 00022393 gi|164 00008487 00008672 gi|207 
000055 71.8 00022615 00022579 gi|164 00008450 00008486 gi|207 
000140 78.5 00013656 00013877 gi|36 00013171 00013389 gi|162 
000228 78.5 00013878 00014237 gi|36 00013393 00013749 gi|162 
000089 73.1 00013962 00014016 gi|120 00032070 00032141 gi|171 
000204 73.1 00014034 00014180 gi|120 00032142 00032305 gi|171 
000285 74.8 00019469 00019275 gi|138 00013174 00013393 gi|162 
000041 74.8 00019249 00019244 gi|138 00013394 00013424 gi|162 
000401 76.9 00014177 00013999 gi|120 00013221 00013393 gi|162 
000117 76.9 00014004 00013949 gi|120 00013394 00013443 gi|162 
000358 77.1 00013393 00013222 gi|162 00008472 00008661 gi|207 
000134 77.1 00013457 00013394 gi|162 00008408 00008489 gi|207 
000110 75.8 00001450 00001287 gi|176 00013982 00014141 gi|183 
000300 75.8 00001897 00001451 gi|176 00013535 00013977 gi|183 
000159 76.2 00003997 00003928 gi|167 00022912 00022981 gi|228 
000521 76.2 00003927 00003700 gi|167 00022982 00023209 gi|228 
000056 73.0 00008452 00008473 gi|207 00022935 00022981 gi|228 
000246 73.0 00008499 00008677 gi|207 00022982 00023185 gi|228 
new clan for ele 26
000148 72.3 00026592 00026481 gi|123 00018431 00018541 gi|215 
000309 72.3 00026825 00026593 gi|123 00018198 00018429 gi|215 
000062 77.7 00026538 00026592 gi|123 00034072 00034099 gi|217 
000267 77.7 00026593 00026825 gi|123 00034127 00034332 gi|217 
001058 79.1 00039328 00038506 gi|66 00029596 00030391 gi|252 
000141 79.1 00039437 00039329 gi|66 00029487 00029568 gi|252 
000120 84.7 00000379 00000335 gi|47 00009633 00009668 gi|247 
001118 84.7 00000343 00000001 gi|47 00009669 00010002 gi|247 
001010 73.6 00016093 00015326 gi|41 00004984 00005750 gi|249 
000131 73.6 00016192 00016094 gi|41 00004885 00004982 gi|249 
000076 76.0 00010313 00010365 gi|59 00036914 00036946 gi|76 
001071 76.0 00010366 00011107 gi|59 00036967 00037688 gi|76 
000044 75.0 00010365 00010331 gi|59 00026240 00026267 gi|145 
000991 75.0 00011151 00010366 gi|59 00025454 00026232 gi|145 
000168 81.0 00036947 00036861 gi|76 00016585 00016679 gi|238 
000169 81.0 00037034 00036948 gi|76 00016498 00016592 gi|238 
000613 74.3 00025456 00026234 gi|145 00015847 00016645 gi|238 
000126 74.3 00026235 00026394 gi|145 00016626 00016805 gi|238 
000969 78.2 00016520 00015853 gi|238 00029735 00030386 gi|252 
000069 78.2 00015868 00015807 gi|238 00030387 00030432 gi|252 
000097 76.6 00009710 00009839 gi|114 00029487 00029602 gi|252 
000660 76.6 00009826 00010621 gi|114 00029603 00030384 gi|252 
000072 74.5 00037842 00037734 gi|76 00025341 00025456 gi|145 
000488 74.5 00037726 00036957 gi|76 00025457 00026233 gi|145 
000121 72.6 00017082 00017172 gi|14 00025372 00025456 gi|145 
001045 72.6 00017167 00017903 gi|14 00025457 00026187 gi|145 
new clan for ele 27
new clan for ele 29
new clan for ele 30
000313 79.3 00034365 00034490 gi|149 00031017 00031128 gi|170 
000132 79.3 00034491 00034543 gi|149 00031143 00031181 gi|170 
new clan for ele 31
new clan for ele 32
000119 73.1 00015954 00015910 gi|101 00023992 00024036 gi|117 
000790 73.1 00015909 00015613 gi|101 00024037 00024333 gi|117 
new clan for ele 33
new clan for ele 34
new clan for ele 35
new clan for ele 36
new clan for ele 37
new clan for ele 40
000136 70.7 00033833 00033765 gi|17 00002647 00002717 gi|217 
000222 70.7 00033762 00033650 gi|17 00002718 00002832 gi|217 
new clan for ele 41
new clan for ele 42
new clan for ele 43
new clan for ele 44
new clan for ele 45
new clan for ele 46
000200 76.9 00025883 00025662 gi|247 00028999 00029214 gi|249 
000079 76.9 00025667 00025577 gi|247 00029215 00029299 gi|249 
000138 73.5 00018991 00018768 gi|67 00025635 00025882 gi|247 
000184 73.5 00019287 00018992 gi|67 00025339 00025658 gi|247 
000201 75.4 00021651 00021791 gi|30 00025743 00025875 gi|247 
000055 75.4 00021792 00021829 gi|30 00025884 00025913 gi|247 
000069 79.2 00016542 00016632 gi|94 00019983 00020073 gi|247 
000188 79.2 00016633 00016877 gi|94 00020074 00020318 gi|247 
000071 79.5 00016632 00016542 gi|94 00038868 00038958 gi|145 
000194 79.5 00016877 00016633 gi|94 00038623 00038867 gi|145 
000363 74.9 00018890 00019117 gi|59 00016643 00016860 gi|94 
000058 74.9 00019118 00019153 gi|59 00016871 00016896 gi|94 
000317 81.5 00019117 00018923 gi|59 00032007 00032182 gi|97 
000123 81.5 00019192 00019118 gi|59 00031932 00031987 gi|97 
000253 77.7 00018925 00019117 gi|59 00027991 00028168 gi|76 
000130 77.7 00019118 00019216 gi|59 00028184 00028267 gi|76 
000062 79.8 00027940 00027895 gi|76 00030958 00031001 gi|134 
000289 79.8 00028151 00027941 gi|76 00030747 00030955 gi|134 
000051 69.6 00017377 00017318 gi|121 00013995 00014044 gi|133 
000204 69.6 00017327 00017118 gi|121 00014045 00014244 gi|133 
000125 79.2 00031943 00032039 gi|199 00020116 00020214 gi|202 
000200 79.2 00032042 00032197 gi|199 00020215 00020372 gi|202 
000178 77.2 00001109 00001030 gi|191 00031951 00032034 gi|199 
000166 77.2 00001025 00000952 gi|191 00032035 00032112 gi|199 
000108 79.8 00017777 00017663 gi|41 00018895 00018980 gi|115 
000263 79.8 00017691 00017454 gi|41 00018981 00019189 gi|115 
000209 77.5 00019002 00019189 gi|115 00028339 00028521 gi|181 
000063 77.5 00019190 00019245 gi|115 00028527 00028577 gi|181 
000194 80.8 00003621 00003725 gi|100 00019071 00019189 gi|115 
000067 80.8 00003740 00003766 gi|100 00019190 00019230 gi|115 
000087 76.6 00016864 00016825 gi|94 00033304 00033357 gi|125 
000214 76.6 00016961 00016865 gi|94 00033207 00033317 gi|125 
000253 78.6 00030955 00030748 gi|134 00020094 00020283 gi|247 
000058 78.6 00031003 00030956 gi|134 00020046 00020075 gi|247 
000261 79.8 00030748 00030955 gi|134 00038658 00038847 gi|145 
000060 79.8 00030956 00031003 gi|134 00038866 00038895 gi|145 
new clan for ele 47
000072 79.7 00014468 00014534 gi|123 00013615 00013660 gi|166 
000386 79.7 00014514 00014777 gi|123 00013661 00013903 gi|166 
000249 79.4 00020089 00020239 gi|9 00025535 00025739 gi|202 
000059 79.4 00020294 00020287 gi|9 00025740 00025787 gi|202 
new clan for ele 49
new clan for ele 50
new clan for ele 52
000120 78.4 00017731 00017681 gi|41 00001464 00001544 gi|135 
000329 78.4 00017650 00017460 gi|41 00001545 00001765 gi|135 
000054 78.4 00017429 00017424 gi|41 00001766 00001801 gi|135 
000127 75.3 00014322 00014270 gi|133 00001466 00001544 gi|135 
000355 75.3 00014243 00014049 gi|133 00001545 00001765 gi|135 
new clan for ele 60
000315 73.9 00039186 00038909 gi|122 00012933 00013230 gi|210 
000085 73.9 00039260 00039187 gi|122 00012859 00012952 gi|210 
000134 75.3 00022105 00021946 gi|23 00034170 00034320 gi|85 
000289 75.3 00021954 00021621 gi|23 00034321 00034645 gi|85 
000304 80.8 00008909 00008682 gi|92 00005154 00005380 gi|165 
000045 80.8 00008942 00008910 gi|92 00005121 00005152 gi|165 
000144 79.7 00010741 00010856 gi|23 00038714 00038833 gi|122 
000441 79.7 00010857 00011209 gi|23 00038830 00039186 gi|122 
000102 72.3 00010856 00010794 gi|23 00001733 00001788 gi|245 
000403 72.3 00011103 00010857 gi|23 00001486 00001725 gi|245 
000072 76.9 00010808 00010856 gi|23 00006029 00006070 gi|27 
000222 76.9 00010857 00011006 gi|23 00006078 00006220 gi|27 
000307 74.3 00011209 00010856 gi|23 00005175 00005526 gi|165 
000115 74.3 00011341 00011210 gi|23 00005043 00005172 gi|165 
000100 77.0 00011209 00011072 gi|23 00034872 00035023 gi|60 
000203 77.0 00011488 00011210 gi|23 00034593 00034885 gi|60 
000085 77.4 00011134 00011209 gi|23 00011654 00011694 gi|227 
000310 77.4 00011210 00011483 gi|23 00011730 00011968 gi|227 
000045 76.2 00023449 00023390 gi|60 00008703 00008743 gi|113 
000386 76.2 00023408 00023045 gi|60 00008744 00009088 gi|113 
000087 76.7 00021992 00021960 gi|23 00008706 00008743 gi|113 
000793 76.7 00021954 00021615 gi|23 00008744 00009088 gi|113 
000115 77.7 00022063 00021968 gi|23 00038739 00038831 gi|122 
000053 77.7 00021970 00021925 gi|23 00038832 00038874 gi|122 
000380 77.7 00021927 00021620 gi|23 00038875 00039179 gi|122 
000054 79.7 00010858 00010897 gi|23 00038831 00038874 gi|122 
000382 79.7 00010902 00011207 gi|23 00038875 00039184 gi|122 
000107 76.3 00021956 00021865 gi|23 00013469 00013569 gi|210 
000144 76.3 00022079 00021957 gi|23 00013346 00013477 gi|210 
new clan for ele 61
000104 74.6 00023842 00023760 gi|132 00002271 00002377 gi|138 
000377 74.6 00024141 00023843 gi|132 00001972 00002294 gi|138 
000089 74.3 00010946 00010917 gi|95 00023791 00023842 gi|132 
000458 74.3 00010894 00010651 gi|95 00023843 00024108 gi|132 
002281 98.6 00039121 00038859 gi|145 00019821 00020078 gi|247 
001989 98.6 00038863 00038634 gi|145 00020079 00020303 gi|247 
012363 98.6 00038638 00037236 gi|145 00020304 00021701 gi|247 
000051 72.9 00038637 00038602 gi|145 00005596 00005629 gi|160 
000204 72.9 00038778 00038638 gi|145 00005455 00005593 gi|160 
000100 72.1 00015552 00015606 gi|15 00034688 00034739 gi|253 
000241 72.1 00015604 00015730 gi|15 00034740 00034863 gi|253 
000114 79.3 00024990 00025049 gi|3 00009885 00009993 gi|122 
000154 79.3 00025050 00025129 gi|3 00009945 00010073 gi|122 
000067 74.1 00015604 00015552 gi|15 00037416 00037453 gi|216 
000214 74.1 00015771 00015605 gi|15 00037249 00037400 gi|216 
new clan for ele 62
000499 79.8 00037708 00037880 gi|188 00014253 00014420 gi|218 
000102 79.8 00037881 00037915 gi|188 00014426 00014455 gi|218 
000049 72.7 00036075 00036106 gi|188 00012462 00012500 gi|220 
000587 72.7 00036114 00036564 gi|188 00012501 00012958 gi|220 
000150 82.3 00014076 00014032 gi|220 00000774 00000817 gi|254 
000114 82.3 00014110 00014077 gi|220 00000740 00000772 gi|254 
002765 77.6 00032645 00031840 gi|60 00012373 00013178 gi|100 
000145 77.6 00032687 00032646 gi|60 00012331 00012372 gi|100 
new clan for ele 66
000187 81.3 00035514 00035198 gi|82 00038427 00038694 gi|139 
000132 81.3 00035246 00035011 gi|82 00038695 00038881 gi|139 
000377 73.4 00037075 00036848 gi|68 00029694 00029907 gi|191 
000069 73.4 00036861 00036809 gi|68 00029908 00029946 gi|191 
000138 73.0 00007304 00007404 gi|15 00029761 00029865 gi|165 
000125 73.0 00007409 00007499 gi|15 00029866 00029960 gi|165 
000095 77.1 00021351 00021271 gi|98 00029791 00029865 gi|165 
000185 77.1 00021276 00021125 gi|98 00029866 00030011 gi|165 
000075 74.1 00019450 00019430 gi|40 00002806 00002838 gi|188 
000343 74.1 00019417 00019281 gi|40 00002839 00002987 gi|188 
000344 74.9 00035312 00035513 gi|82 00009739 00009926 gi|230 
000061 74.9 00035500 00035546 gi|82 00009927 00009959 gi|230 
new clan for ele 67
000113 80.5 00017728 00017780 gi|100 00006936 00006977 gi|104 
000190 80.5 00017770 00017850 gi|100 00006978 00007047 gi|104 
new clan for ele 68
000651 73.8 00038045 00037705 gi|31 00000914 00001249 gi|182 
000077 73.8 00038085 00038046 gi|31 00000874 00000908 gi|182 
000374 74.1 00012052 00011895 gi|61 00007775 00007939 gi|107 
000169 74.1 00011887 00011821 gi|61 00007940 00008013 gi|107 
new clan for ele 69
new clan for ele 73
new clan for ele 74
new clan for ele 75
new clan for ele 76
000291 80.4 00035304 00035401 gi|11 00023420 00023525 gi|180 
000180 80.4 00035410 00035466 gi|11 00023526 00023590 gi|180 
000705 70.3 00026313 00026751 gi|71 00029187 00029676 gi|150 
000059 70.3 00026803 00026792 gi|71 00029677 00029717 gi|150 
new clan for ele 77
000053 73.5 00008717 00008738 gi|152 00034463 00034495 gi|165 
000215 73.5 00008750 00008871 gi|152 00034496 00034628 gi|165 
000125 80.4 00008724 00008743 gi|152 00026822 00026859 gi|203 
000424 80.4 00008762 00008871 gi|152 00026860 00026987 gi|203 
000086 82.9 00021792 00021821 gi|113 00005476 00005514 gi|131 
000181 82.9 00021831 00021902 gi|113 00005515 00005595 gi|131 
000112 78.8 00021826 00021792 gi|113 00005739 00005764 gi|193 
000154 78.8 00021874 00021827 gi|113 00005691 00005729 gi|193 
new clan for ele 78
000392 79.4 00012083 00011883 gi|181 00030417 00030587 gi|201 
000063 79.4 00012115 00012084 gi|181 00030385 00030386 gi|201 
000061 82.8 00027714 00027613 gi|72 00011819 00011860 gi|181 
000322 82.8 00027672 00027394 gi|72 00011861 00012079 gi|181 
000094 82.1 00006596 00006690 gi|131 00028246 00028306 gi|207 
000264 82.1 00006657 00006860 gi|131 00028307 00028476 gi|207 
000385 81.1 00005348 00005462 gi|147 00028358 00028476 gi|207 
000121 81.1 00005467 00005499 gi|147 00028477 00028513 gi|207 
000307 72.9 00021938 00022116 gi|45 00025255 00025432 gi|97 
000080 72.9 00022117 00022162 gi|45 00025434 00025478 gi|97 
000468 78.7 00007797 00007596 gi|55 00038040 00038216 gi|162 
000086 78.7 00007834 00007798 gi|55 00038003 00038014 gi|162 
000417 77.4 00007676 00007797 gi|55 00005343 00005465 gi|147 
000113 77.4 00007798 00007830 gi|55 00005465 00005498 gi|147 
000045 79.1 00021884 00021884 gi|45 00029172 00029203 gi|75 
000321 79.1 00021916 00022112 gi|45 00029204 00029431 gi|75 
000195 67.9 00005101 00004929 gi|76 00010061 00010236 gi|131 
000058 67.9 00005152 00005102 gi|76 00010010 00010063 gi|131 
000078 80.7 00006661 00006620 gi|131 00038238 00038254 gi|162 
000328 80.7 00006836 00006662 gi|131 00038063 00038212 gi|162 
000268 81.4 00006860 00006668 gi|131 00032879 00033033 gi|180 
000085 81.4 00006921 00006861 gi|131 00032818 00032840 gi|180 
000579 80.8 00006704 00006860 gi|131 00001510 00001658 gi|232 
000211 80.8 00006861 00006917 gi|131 00001667 00001715 gi|232 
000065 75.8 00034224 00034259 gi|15 00010025 00010064 gi|131 
000279 75.8 00034264 00034430 gi|15 00010065 00010235 gi|131 
000044 77.0 00034266 00034235 gi|15 00004485 00004541 gi|151 
000235 77.0 00034435 00034267 gi|15 00004316 00004509 gi|151 
000091 78.9 00039804 00039827 gi|66 00029053 00029101 gi|182 
000302 78.9 00039853 00039988 gi|66 00029102 00029262 gi|182 
000080 75.7 00021937 00021899 gi|45 00017093 00017143 gi|147 
000303 75.7 00022083 00021938 gi|45 00016947 00017104 gi|147 
000182 74.5 00018118 00018250 gi|47 00016950 00017095 gi|147 
000098 74.5 00018251 00018321 gi|47 00017083 00017166 gi|147 
000074 77.2 00017314 00017372 gi|49 00037971 00038044 gi|162 
000217 77.2 00017373 00017544 gi|49 00038030 00038216 gi|162 
000029 82.8 00027661 00027613 gi|72 00011872 00011860 gi|181 
000032 82.8 00027714 00027662 gi|72 00011819 00011811 gi|181 
new clan for ele 79
new clan for ele 80
new clan for ele 81
000214 76.4 00007288 00007515 gi|24 00018203 00018412 gi|215 
000097 76.4 00007516 00007618 gi|24 00018431 00018515 gi|215 
000251 73.8 00007293 00007515 gi|24 00006416 00006653 gi|103 
000076 73.8 00007516 00007582 gi|24 00006639 00006720 gi|103 
000053 73.3 00030711 00030681 gi|145 00034073 00034117 gi|217 
000231 73.3 00030666 00030489 gi|145 00034118 00034309 gi|217 
000047 73.4 00034075 00034117 gi|217 00000532 00000588 gi|249 
000230 73.4 00034118 00034325 gi|217 00000575 00000796 gi|249 
000177 82.3 00030903 00030741 gi|23 00034203 00034334 gi|217 
000170 82.3 00030771 00030615 gi|23 00034335 00034460 gi|217 
000070 77.7 00022522 00022608 gi|54 00034217 00034334 gi|217 
000213 77.7 00022640 00022965 gi|54 00034335 00034691 gi|217 
000320 75.3 00024875 00025060 gi|76 00030479 00030658 gi|145 
000057 75.3 00025061 00025093 gi|76 00030665 00030691 gi|145 
000192 83.5 00023461 00023394 gi|101 00000487 00000582 gi|249 
000071 83.5 00023365 00023359 gi|101 00000583 00000617 gi|249 
000236 74.0 00039121 00039314 gi|145 00018020 00018204 gi|215 
000084 74.0 00039306 00039379 gi|145 00018205 00018269 gi|215 
000177 79.3 00034927 00035067 gi|56 00018047 00018204 gi|215 
000135 79.3 00035085 00035187 gi|56 00018205 00018324 gi|215 
000101 73.8 00034160 00034208 gi|14 00016014 00016061 gi|226 
000899 73.8 00034209 00034640 gi|14 00016063 00016493 gi|226 
new clan for ele 82
new clan for ele 84
new clan for ele 85
000048 75.2 00023984 00023946 gi|101 00039154 00039201 gi|128 
000250 75.2 00024187 00023985 gi|101 00038951 00039162 gi|128 
000474 77.7 00012129 00012371 gi|23 00003809 00004062 gi|155 
000073 77.7 00012383 00012410 gi|23 00004063 00004101 gi|155 
000314 81.1 00000457 00000708 gi|170 00026562 00026784 gi|247 
000049 81.1 00000680 00000742 gi|170 00026785 00026818 gi|247 
000195 79.2 00038877 00038960 gi|18 00026692 00026784 gi|247 
000071 79.2 00038970 00038994 gi|18 00026785 00026818 gi|247 
000122 78.0 00030663 00030589 gi|51 00000676 00000751 gi|170 
000346 78.0 00030874 00030664 gi|51 00000465 00000676 gi|170 
new clan for ele 87
new clan for ele 93
new clan for ele 94
000130 79.6 00032159 00032096 gi|23 00039463 00039537 gi|101 
000150 79.6 00032232 00032160 gi|23 00039390 00039473 gi|101 
new clan for ele 95
010402 87.1 00017780 00015852 gi|34 00019450 00021331 gi|154 
013652 87.1 00015898 00013382 gi|34 00021332 00023801 gi|154 
013435 87.1 00015858 00013382 gi|34 00021372 00023801 gi|154 
000217 87.1 00015898 00015859 gi|34 00021332 00021324 gi|154 
new clan for ele 96
new clan for ele 97
new clan for ele 98
new clan for ele 100
new clan for ele 101
new clan for ele 102
054629 99.6 00035379 00029446 gi|96 00034275 00040174 gi|222 
003686 99.6 00029479 00029048 gi|96 00040175 00040572 gi|222 
new clan for ele 104
004274 75.1 00037081 00038211 gi|170 00036363 00037510 gi|207 
000178 75.1 00038212 00038258 gi|170 00037494 00037557 gi|207 
new clan for ele 105
new clan for ele 106
new clan for ele 107
new clan for ele 109
new clan for ele 112
new clan for ele 114
new clan for ele 115
000119 73.3 00015506 00015568 gi|139 00011825 00011885 gi|167 
000133 73.3 00015567 00015636 gi|139 00011886 00011953 gi|167 
000054 73.4 00012239 00012305 gi|118 00011887 00011955 gi|167 
000262 73.4 00012308 00012637 gi|118 00011956 00012287 gi|167 
000083 73.7 00037200 00037164 gi|177 00000822 00000880 gi|249 
000196 73.7 00037141 00037026 gi|177 00000881 00001018 gi|249 
new clan for ele 117
new clan for ele 118
001173 75.9 00030347 00030089 gi|35 00011998 00012254 gi|103 
000539 75.9 00030090 00029971 gi|35 00012255 00012372 gi|103 
new clan for ele 120
new clan for ele 121
000128 75.5 00013272 00013228 gi|92 00004064 00004110 gi|240 
000280 75.5 00013225 00013126 gi|92 00004111 00004212 gi|240 
000125 74.8 00012015 00012063 gi|58 00010662 00010710 gi|217 
000271 74.8 00012064 00012169 gi|58 00010711 00010816 gi|217 
new clan for ele 122
new clan for ele 124
new clan for ele 126
000139 73.8 00037155 00037131 gi|45 00016123 00016168 gi|62 
001675 73.8 00037109 00036580 gi|45 00016169 00016719 gi|62 
000782 73.6 00036704 00037099 gi|45 00034709 00035120 gi|103 
000358 73.6 00037116 00037287 gi|45 00035121 00035308 gi|103 
000204 77.8 00037027 00037127 gi|45 00028731 00028817 gi|149 
000081 77.8 00037114 00037161 gi|45 00028818 00028851 gi|149 
000046 83.0 00037110 00037070 gi|45 00020986 00020983 gi|49 
000317 83.0 00037386 00037111 gi|45 00020710 00020942 gi|49 
new clan for ele 127
new clan for ele 128
000055 72.7 00019835 00019868 gi|37 00009886 00009912 gi|50 
000667 72.7 00019869 00020274 gi|37 00009920 00010318 gi|50 
new clan for ele 129
003924 74.0 00033341 00032061 gi|11 00033170 00034455 gi|103 
003738 74.0 00034561 00033342 gi|11 00031950 00033174 gi|103 
new clan for ele 131
new clan for ele 133
new clan for ele 134
new clan for ele 140
new clan for ele 143
new clan for ele 144
000502 72.4 00021305 00020992 gi|49 00007641 00007968 gi|223 
000059 72.4 00020977 00020954 gi|49 00007969 00008006 gi|223 
000047 77.0 00007659 00007597 gi|34 00024814 00024860 gi|56 
000203 77.0 00007612 00007399 gi|34 00024861 00025058 gi|56 
new clan for ele 146
new clan for ele 148
000074 77.5 00039638 00039582 gi|81 00011558 00011593 gi|185 
000436 77.5 00039602 00039372 gi|81 00011594 00011803 gi|185 
new clan for ele 149
new clan for ele 151
new clan for ele 153
002962 81.9 00030653 00030017 gi|104 00019504 00020126 gi|106 
000196 81.9 00030695 00030654 gi|104 00019462 00019489 gi|106 
new clan for ele 155
new clan for ele 157
000447 78.7 00023068 00023336 gi|43 00001999 00002238 gi|105 
001257 78.7 00023308 00024010 gi|43 00002239 00002912 gi|105 
new clan for ele 159
new clan for ele 161
new clan for ele 163
new clan for ele 164
new clan for ele 167
new clan for ele 169
new clan for ele 171
000277 95.4 00025174 00025200 gi|63 00011243 00011278 gi|106 
002825 95.4 00025210 00025566 gi|63 00011279 00011644 gi|106 
new clan for ele 176
new clan for ele 178
new clan for ele 179
000098 70.2 00024019 00024041 gi|69 00017054 00017101 gi|106 
000802 70.2 00024067 00024431 gi|69 00017102 00017491 gi|106 
000094 74.0 00024354 00024248 gi|64 00037318 00037428 gi|180 
000159 74.0 00024533 00024355 gi|64 00037139 00037321 gi|180 
000378 70.9 00024434 00024204 gi|69 00006114 00006359 gi|115 
000100 70.9 00024495 00024435 gi|69 00006053 00006128 gi|115 
000281 78.6 00017374 00017489 gi|106 00030742 00030854 gi|199 
000105 78.6 00017490 00017532 gi|106 00030858 00030897 gi|199 
new clan for ele 182
new clan for ele 185
000071 76.6 00022131 00022185 gi|106 00008986 00009032 gi|221 
000191 76.6 00022186 00022331 gi|106 00009041 00009178 gi|221 
new clan for ele 186
000130 77.4 00023058 00023007 gi|106 00004195 00004232 gi|196 
000975 77.4 00023020 00022723 gi|106 00004233 00004516 gi|196 
000072 73.6 00037720 00037752 gi|106 00002430 00002462 gi|225 
000386 73.6 00037753 00037927 gi|106 00002463 00002637 gi|225 
000396 85.0 00022723 00023013 gi|106 00003742 00003948 gi|240 
000216 85.0 00023014 00023171 gi|106 00004033 00004106 gi|240 
new clan for ele 188
new clan for ele 190
new clan for ele 191
new clan for ele 192
new clan for ele 193
new clan for ele 194
new clan for ele 195
new clan for ele 196
new clan for ele 197
new clan for ele 198
new clan for ele 201
new clan for ele 203
new clan for ele 204
new clan for ele 206
new clan for ele 208
new clan for ele 210
new clan for ele 211
000270 79.7 00017166 00016997 gi|112 00004234 00004439 gi|231 
000081 79.7 00016960 00016936 gi|112 00004440 00004500 gi|231 
new clan for ele 213
000166 75.2 00017451 00017676 gi|41 00018472 00018699 gi|238 
000082 75.2 00017679 00017787 gi|41 00018700 00018810 gi|238 
000080 80.5 00026763 00026723 gi|131 00014224 00014258 gi|133 
000200 80.5 00026728 00026636 gi|131 00014259 00014345 gi|133 
000123 83.1 00014224 00014258 gi|133 00018308 00018353 gi|185 
000379 83.1 00014259 00014365 gi|133 00018343 00018460 gi|185 
new clan for ele 217
new clan for ele 220
new clan for ele 223
024313 99.6 00002652 00005268 gi|74 00034640 00037281 gi|132 
016998 99.6 00005294 00007115 gi|74 00037282 00039128 gi|132 
001205 99.6 00005296 00005401 gi|74 00037284 00037414 gi|132 
015774 99.6 00005427 00007115 gi|74 00037415 00039128 gi|132 
000090 81.0 00015474 00015432 gi|2 00034982 00034992 gi|134 
000343 81.0 00015638 00015475 gi|2 00034818 00034949 gi|134 
000390 79.7 00015483 00015638 gi|2 00027710 00027857 gi|32 
000165 79.7 00015639 00015704 gi|2 00027866 00027923 gi|32 
000396 78.8 00027714 00027850 gi|32 00008979 00009106 gi|138 
000162 78.8 00027851 00027906 gi|32 00009116 00009162 gi|138 
000070 81.0 00006116 00006077 gi|44 00034982 00034992 gi|134 
000278 81.0 00006274 00006117 gi|44 00034824 00034952 gi|134 
000191 81.6 00029693 00029824 gi|108 00008844 00008962 gi|138 
000140 81.6 00029825 00029920 gi|108 00008976 00009058 gi|138 
000127 83.3 00035682 00035645 gi|107 00034944 00034991 gi|134 
000418 83.3 00035807 00035683 gi|107 00034819 00034953 gi|134 
000287 84.1 00034952 00034830 gi|134 00007422 00007530 gi|167 
000073 84.1 00034983 00034953 gi|134 00007391 00007407 gi|167 
000410 81.1 00015479 00015602 gi|2 00007395 00007532 gi|167 
000107 81.1 00015617 00015638 gi|2 00007533 00007568 gi|167 
new clan for ele 227
000278 79.5 00028404 00028280 gi|16 00014021 00014162 gi|32 
000091 79.5 00028262 00028234 gi|16 00014163 00014208 gi|32 
new clan for ele 230
new clan for ele 231
000610 79.9 00038284 00038027 gi|56 00017045 00017304 gi|94 
000152 79.9 00038348 00038285 gi|56 00016981 00017046 gi|94 
000103 80.4 00026290 00026410 gi|68 00016932 00017052 gi|94 
000190 80.4 00026411 00026631 gi|68 00017053 00017273 gi|94 
000038 77.7 00017049 00017017 gi|94 00029690 00029749 gi|108 
000323 77.7 00017322 00017050 gi|94 00029417 00029716 gi|108 
000068 71.5 00018673 00018683 gi|49 00029383 00029420 gi|108 
000592 71.5 00018711 00019009 gi|49 00029421 00029746 gi|108 
new clan for ele 233
new clan for ele 234
new clan for ele 235
new clan for ele 236
new clan for ele 237
new clan for ele 240
new clan for ele 242
new clan for ele 243
new clan for ele 244
new clan for ele 245
new clan for ele 246
new clan for ele 247
new clan for ele 249
new clan for ele 252
000260 71.2 00034399 00034238 gi|62 00029641 00029814 gi|131 
000092 71.2 00034456 00034400 gi|62 00029584 00029652 gi|131 
000124 77.0 00033770 00033724 gi|114 00029641 00029691 gi|131 
000140 77.0 00033823 00033771 gi|114 00029588 00029644 gi|131 
000186 72.3 00009383 00009236 gi|11 00029654 00029792 gi|131 
000069 72.3 00009437 00009384 gi|11 00029600 00029644 gi|131 
new clan for ele 253
new clan for ele 255
new clan for ele 257
000279 75.1 00011337 00011685 gi|11 00002059 00002442 gi|114 
000085 75.1 00011686 00011790 gi|11 00002408 00002547 gi|114 
000081 76.0 00017566 00017529 gi|155 00028686 00028722 gi|249 
000299 76.0 00017705 00017567 gi|155 00028547 00028684 gi|249 
new clan for ele 258
000258 72.1 00030083 00030291 gi|45 00006633 00006837 gi|124 
000039 72.1 00030292 00030322 gi|45 00006842 00006868 gi|124 
new clan for ele 259
new clan for ele 260
new clan for ele 261
new clan for ele 262
new clan for ele 263
000096 76.8 00026728 00026783 gi|14 00023333 00023414 gi|23 
000768 76.8 00026810 00027437 gi|14 00023415 00024068 gi|23 
new clan for ele 264
new clan for ele 265
new clan for ele 269
new clan for ele 272
new clan for ele 273
new clan for ele 275
new clan for ele 278
new clan for ele 279
new clan for ele 280
new clan for ele 281
000254 82.6 00020040 00020170 gi|170 00012040 00012083 gi|188 
023095 82.6 00020084 00024169 gi|170 00012084 00016082 gi|188 
000108 82.6 00020040 00020095 gi|170 00012040 00012008 gi|188 
000146 82.6 00020096 00020170 gi|170 00012096 00012083 gi|188 
001045 81.4 00024183 00024429 gi|163 00025511 00025757 gi|170 
000991 81.4 00024430 00024663 gi|163 00025758 00025991 gi|170 
000895 82.9 00024215 00024429 gi|163 00020029 00020245 gi|188 
000974 82.9 00024430 00024663 gi|163 00020244 00020479 gi|188 
000758 83.5 00025589 00025758 gi|170 00020091 00020246 gi|188 
001044 83.5 00025759 00025992 gi|170 00020261 00020480 gi|188 
000830 81.5 00025760 00025992 gi|170 00012083 00012301 gi|188 
000132 81.5 00025993 00026029 gi|170 00012316 00012338 gi|188 
new clan for ele 287
new clan for ele 288
new clan for ele 289
new clan for ele 291
new clan for ele 292
new clan for ele 293
new clan for ele 294
new clan for ele 297
000133 84.9 00016789 00016762 gi|72 00003752 00003791 gi|111 
000461 84.9 00016749 00016624 gi|72 00003792 00003929 gi|111 
000324 79.7 00021732 00021856 gi|45 00003852 00003959 gi|111 
000172 79.7 00021840 00021913 gi|45 00003960 00004016 gi|111 
000138 83.6 00006259 00006175 gi|111 00031712 00031781 gi|245 
000243 83.6 00006189 00006053 gi|111 00031782 00031903 gi|245 
new clan for ele 299
new clan for ele 302
000060 77.4 00009171 00009209 gi|111 00009095 00009144 gi|217 
000236 77.4 00009210 00009360 gi|111 00009134 00009295 gi|217 
new clan for ele 303
new clan for ele 304
000694 82.2 00010290 00010475 gi|111 00010500 00010672 gi|230 
001333 82.2 00010476 00010832 gi|111 00010686 00011029 gi|230 
new clan for ele 309
new clan for ele 310
000231 79.9 00011044 00011511 gi|28 00000004 00000481 gi|234 
000052 79.9 00011512 00011614 gi|28 00000472 00000584 gi|234 
new clan for ele 312
new clan for ele 315
new clan for ele 317
new clan for ele 324
new clan for ele 325
new clan for ele 327
new clan for ele 329
new clan for ele 331
new clan for ele 333
new clan for ele 335
new clan for ele 338
new clan for ele 343
new clan for ele 344
new clan for ele 347
new clan for ele 348
new clan for ele 349
000209 75.9 00020991 00020862 gi|64 00006639 00006764 gi|113 
000092 75.9 00021048 00020992 gi|64 00006582 00006634 gi|113 
new clan for ele 357
new clan for ele 363
000251 78.7 00032919 00032780 gi|116 00028646 00028773 gi|152 
000112 78.7 00032981 00032920 gi|116 00028584 00028633 gi|152 
000597 73.8 00012664 00012947 gi|61 00035764 00036118 gi|85 
000082 73.8 00012948 00012986 gi|61 00036048 00036157 gi|85 
new clan for ele 364
new clan for ele 365
new clan for ele 366
new clan for ele 367
new clan for ele 368
new clan for ele 370
new clan for ele 371
new clan for ele 373
new clan for ele 374
new clan for ele 381
new clan for ele 383
new clan for ele 386
000517 80.3 00018359 00017943 gi|122 00035293 00035675 gi|173 
000053 80.3 00017976 00017904 gi|122 00035676 00035714 gi|173 
000029 80.3 00017944 00017904 gi|122 00035708 00035714 gi|173 
000024 80.3 00017976 00017945 gi|122 00035676 00035673 gi|173 
new clan for ele 387
new clan for ele 388
new clan for ele 390
000041 84.0 00018377 00018408 gi|27 00035368 00035368 gi|114 
000313 84.0 00018409 00018651 gi|27 00035400 00035611 gi|114 
000531 77.8 00003284 00003065 gi|16 00024248 00024518 gi|75 
000091 77.8 00003013 00003019 gi|16 00024519 00024564 gi|75 
003732 90.0 00039477 00038949 gi|31 00025043 00025572 gi|119 
003691 90.0 00040000 00039478 gi|31 00024520 00025043 gi|119 
001778 90.0 00039729 00039478 gi|31 00024791 00025043 gi|119 
001913 90.0 00040000 00039730 gi|31 00024520 00024791 gi|119 
000687 78.3 00003067 00003293 gi|16 00012716 00012943 gi|181 
000094 78.3 00003294 00003324 gi|16 00012943 00012974 gi|181 
000262 78.0 00028472 00028605 gi|57 00021742 00021875 gi|160 
000103 78.0 00028606 00028657 gi|57 00021876 00021927 gi|160 
000071 74.6 00038298 00038339 gi|52 00027306 00027356 gi|213 
000201 74.6 00038349 00038482 gi|52 00027357 00027499 gi|213 
000458 76.1 00008382 00008101 gi|171 00027357 00027645 gi|213 
000070 76.1 00008093 00008057 gi|171 00027646 00027689 gi|213 
000091 71.2 00024191 00024243 gi|75 00035336 00035367 gi|245 
000449 71.2 00024244 00024502 gi|75 00035389 00035626 gi|245 
000180 81.3 00036226 00036024 gi|131 00009843 00010001 gi|213 
000071 81.3 00036306 00036227 gi|131 00009763 00009798 gi|213 
000456 78.6 00025041 00024789 gi|119 00030512 00030746 gi|167 
000092 78.6 00025092 00025042 gi|119 00030461 00030493 gi|167 
000088 76.9 00019911 00019851 gi|65 00008833 00008891 gi|224 
000203 76.9 00019852 00019717 gi|65 00008892 00009025 gi|224 
000346 81.2 00030747 00030501 gi|167 00036518 00036723 gi|216 
000086 81.2 00030541 00030450 gi|167 00036724 00036774 gi|216 
000037 78.4 00002276 00002237 gi|217 00024119 00024139 gi|236 
000233 78.4 00002523 00002277 gi|217 00023872 00024099 gi|236 
000045 78.4 00002570 00002524 gi|217 00023825 00023852 gi|236 
000097 70.9 00017552 00017513 gi|90 00037830 00037890 gi|223 
000265 70.9 00017491 00017347 gi|90 00037891 00038056 gi|223 
000406 77.2 00012938 00012722 gi|181 00023871 00024101 gi|236 
000067 77.2 00012707 00012684 gi|181 00024102 00024139 gi|236 
000433 78.8 00027362 00027603 gi|213 00023878 00024101 gi|236 
000074 78.8 00027586 00027641 gi|213 00024102 00024139 gi|236 
000085 78.8 00029076 00029012 gi|175 00035302 00035380 gi|245 
000258 78.8 00028997 00028775 gi|175 00035381 00035617 gi|245 
000435 82.9 00019854 00019591 gi|65 00030480 00030802 gi|167 
000085 82.9 00019905 00019855 gi|65 00030429 00030538 gi|167 
000340 79.6 00012775 00012931 gi|133 00008240 00008382 gi|171 
000093 79.6 00012918 00012970 gi|133 00008383 00008421 gi|171 
000094 81.6 00032321 00032263 gi|65 00036499 00036561 gi|216 
000236 81.6 00032469 00032322 gi|65 00036351 00036502 gi|216 
000061 77.5 00018148 00018106 gi|42 00032281 00032321 gi|65 
000244 77.5 00018107 00017943 gi|42 00032322 00032484 gi|65 
000470 84.0 00018441 00018297 gi|185 00036512 00036645 gi|216 
000117 84.0 00018477 00018442 gi|185 00036476 00036500 gi|216 
000111 84.0 00019590 00019641 gi|65 00000798 00000894 gi|186 
000453 84.0 00019642 00019853 gi|65 00000850 00001106 gi|186 
000084 82.9 00019641 00019591 gi|65 00030693 00030802 gi|167 
000349 82.9 00019853 00019642 gi|65 00030481 00030751 gi|167 
new clan for ele 391
000084 75.8 00027374 00027287 gi|191 00035186 00035247 gi|249 
000510 75.8 00027906 00027375 gi|191 00034654 00035159 gi|249 
000064 74.8 00038072 00038037 gi|14 00035146 00035201 gi|249 
000448 74.8 00038322 00038073 gi|14 00034896 00035165 gi|249 
new clan for ele 394
new clan for ele 400
new clan for ele 401
new clan for ele 404
new clan for ele 405
new clan for ele 406
new clan for ele 407
new clan for ele 408
new clan for ele 409
new clan for ele 410
new clan for ele 411
new clan for ele 413
new clan for ele 414
new clan for ele 415
000267 81.2 00017822 00017935 gi|210 00035519 00035623 gi|232 
000095 81.2 00017936 00017975 gi|210 00035633 00035663 gi|232 
new clan for ele 416
new clan for ele 417
new clan for ele 418
new clan for ele 423
000294 78.2 00015001 00014913 gi|85 00024677 00024775 gi|215 
000132 78.2 00014902 00014869 gi|85 00024776 00024819 gi|215 
000100 76.2 00034973 00034919 gi|51 00024693 00024775 gi|215 
000183 76.2 00034890 00034768 gi|51 00024776 00024926 gi|215 
new clan for ele 425
new clan for ele 432
new clan for ele 433
000243 86.8 00006961 00006892 gi|149 00024041 00024105 gi|156 
000154 86.8 00007005 00006962 gi|149 00023997 00024035 gi|156 
new clan for ele 434
new clan for ele 435
new clan for ele 436
000935 81.3 00001052 00001380 gi|7 00029164 00029453 gi|146 
000477 81.3 00001342 00001528 gi|7 00029454 00029601 gi|146 
001716 81.3 00001490 00002060 gi|7 00029602 00030133 gi|146 
new clan for ele 438
new clan for ele 439
new clan for ele 440
new clan for ele 441
new clan for ele 443
000198 79.6 00005909 00005971 gi|24 00026445 00026505 gi|53 
000029 79.6 00005996 00006006 gi|24 00026532 00026540 gi|53 
000181 78.0 00000153 00000216 gi|76 00002053 00002119 gi|224 
000128 78.0 00000217 00000261 gi|76 00002117 00002164 gi|224 
000165 75.0 00015211 00015295 gi|30 00010313 00010411 gi|237 
000086 75.0 00015310 00015346 gi|30 00010412 00010462 gi|237 
new clan for ele 447
new clan for ele 448
000236 73.7 00005198 00005405 gi|28 00035990 00036177 gi|210 
000079 73.7 00005386 00005467 gi|28 00036178 00036239 gi|210 
new clan for ele 449
new clan for ele 452
new clan for ele 455
new clan for ele 457
new clan for ele 459
new clan for ele 461
new clan for ele 462
new clan for ele 463
new clan for ele 465
new clan for ele 469
new clan for ele 470
new clan for ele 472
new clan for ele 475
new clan for ele 476
new clan for ele 479
000258 70.4 00014552 00014852 gi|74 00000182 00000491 gi|120 
000034 70.4 00014862 00014892 gi|74 00000492 00000531 gi|120 
new clan for ele 480
new clan for ele 481
000195 79.8 00004725 00004610 gi|12 00021623 00021729 gi|23 
000081 79.8 00004773 00004726 gi|12 00021575 00021613 gi|23 
000219 77.0 00021228 00021616 gi|23 00000792 00001229 gi|245 
000041 77.0 00021617 00021687 gi|23 00001181 00001300 gi|245 
000245 82.3 00021616 00021459 gi|23 00009964 00010096 gi|86 
000159 82.3 00021718 00021617 gi|23 00009862 00009938 gi|86 
000192 81.4 00021523 00021616 gi|23 00029300 00029382 gi|45 
000072 81.4 00021617 00021651 gi|23 00029394 00029417 gi|45 
new clan for ele 482
new clan for ele 483
new clan for ele 491
new clan for ele 492
new clan for ele 494
new clan for ele 496
new clan for ele 498
000072 74.8 00013739 00013770 gi|81 00027099 00027124 gi|250 
000225 74.8 00013771 00013869 gi|81 00027131 00027223 gi|250 
new clan for ele 500
new clan for ele 505
new clan for ele 506
new clan for ele 508
new clan for ele 509
000491 75.5 00007740 00007392 gi|15 00001816 00002135 gi|248 
000150 75.5 00007846 00007741 gi|15 00001710 00001786 gi|248 
000276 72.6 00007740 00007395 gi|15 00007159 00007468 gi|127 
000087 72.6 00007850 00007741 gi|15 00007049 00007122 gi|127 
000280 77.0 00033759 00033570 gi|125 00030865 00031026 gi|206 
000067 77.0 00033804 00033760 gi|125 00030820 00030836 gi|206 
000444 82.2 00007655 00007874 gi|217 00012599 00012831 gi|246 
000064 82.2 00007875 00007906 gi|217 00012819 00012863 gi|246 
000281 78.0 00014178 00014007 gi|120 00007716 00007874 gi|217 
000056 78.0 00014019 00013975 gi|120 00007875 00007906 gi|217 
000231 78.7 00016881 00016995 gi|224 00006919 00007036 gi|247 
000071 78.7 00016996 00017030 gi|224 00007034 00007071 gi|247 
000212 79.3 00016995 00016881 gi|224 00011902 00012017 gi|247 
000065 79.3 00017030 00016996 gi|224 00011867 00011902 gi|247 
000241 80.0 00034832 00034912 gi|51 00025568 00025666 gi|247 
000117 80.0 00034913 00034951 gi|51 00025649 00025705 gi|247 
000796 78.0 00006913 00007145 gi|127 00001570 00001810 gi|248 
000772 78.0 00007146 00007371 gi|127 00001803 00002036 gi|248 
000654 78.0 00007372 00007562 gi|127 00002029 00002227 gi|248 
000189 72.6 00007740 00007492 gi|15 00007159 00007371 gi|127 
000087 72.6 00007527 00007395 gi|15 00007372 00007468 gi|127 
000328 78.0 00007372 00007467 gi|127 00002029 00002132 gi|248 
000326 78.0 00007468 00007562 gi|127 00002125 00002227 gi|248 
000468 78.0 00006913 00007049 gi|127 00001570 00001714 gi|248 
000317 78.0 00007050 00007142 gi|127 00001707 00001807 gi|248 
000104 77.6 00023143 00023098 gi|128 00031720 00031769 gi|201 
000444 77.6 00023093 00022886 gi|128 00031770 00031981 gi|201 
000162 75.6 00007494 00007405 gi|15 00031888 00031984 gi|201 
000117 75.6 00007397 00007335 gi|15 00031985 00032054 gi|201 
000083 85.5 00036875 00036947 gi|121 00001673 00001710 gi|248 
000190 85.5 00036913 00037033 gi|121 00001711 00001796 gi|248 
000336 75.5 00007740 00007493 gi|15 00001816 00002034 gi|248 
000147 75.5 00007521 00007397 gi|15 00002035 00002130 gi|248 
000063 72.6 00007492 00007396 gi|15 00007407 00007467 gi|127 
000023 72.6 00007527 00007493 gi|15 00007372 00007370 gi|127 
000065 75.0 00002295 00002305 gi|171 00009715 00009748 gi|209 
000377 75.0 00002329 00002499 gi|171 00009749 00009942 gi|209 
new clan for ele 513
new clan for ele 515
new clan for ele 516
000209 83.1 00034298 00034379 gi|64 00038684 00038711 gi|140 
000560 83.1 00034380 00034598 gi|64 00038766 00038930 gi|140 
new clan for ele 517
new clan for ele 518
000302 74.5 00028992 00028761 gi|175 00027358 00027609 gi|213 
000041 74.5 00028740 00028727 gi|175 00027610 00027643 gi|213 
000399 76.1 00008381 00008137 gi|171 00027358 00027609 gi|213 
000053 76.1 00008129 00008103 gi|171 00027610 00027643 gi|213 
new clan for ele 523
new clan for ele 524
new clan for ele 526
new clan for ele 529
new clan for ele 531
000186 75.4 00023529 00023666 gi|45 00039383 00039518 gi|194 
000082 75.4 00023667 00023726 gi|45 00039521 00039578 gi|194 
new clan for ele 532
new clan for ele 536
new clan for ele 540
new clan for ele 542
000141 81.6 00025249 00025293 gi|60 00033570 00033593 gi|242 
000407 81.6 00025294 00025422 gi|60 00033615 00033722 gi|242 
new clan for ele 546
new clan for ele 551
new clan for ele 552
new clan for ele 556
new clan for ele 558
new clan for ele 563
new clan for ele 566
new clan for ele 568
new clan for ele 573
new clan for ele 575
new clan for ele 578
new clan for ele 579
new clan for ele 581
new clan for ele 582
new clan for ele 584
new clan for ele 588
new clan for ele 589
new clan for ele 590
new clan for ele 591
new clan for ele 592
new clan for ele 594
new clan for ele 598
new clan for ele 600
new clan for ele 602
new clan for ele 604
new clan for ele 606
new clan for ele 610
new clan for ele 612
new clan for ele 613
new clan for ele 614
new clan for ele 615
new clan for ele 620
new clan for ele 621
new clan for ele 626
000210 74.8 00008626 00008494 gi|82 00018093 00018218 gi|125 
000064 74.8 00008500 00008456 gi|82 00018219 00018256 gi|125 
new clan for ele 627
000118 77.8 00009079 00009236 gi|73 00030905 00031084 gi|201 
000154 77.8 00009259 00009470 gi|73 00031085 00031318 gi|201 
new clan for ele 630
new clan for ele 631
new clan for ele 637
new clan for ele 639
new clan for ele 640
000351 77.0 00039017 00039131 gi|18 00019733 00019858 gi|215 
000092 77.0 00039143 00039164 gi|18 00019859 00019891 gi|215 
000256 79.9 00007156 00007282 gi|30 00029475 00029609 gi|199 
000115 79.9 00007283 00007339 gi|30 00029602 00029666 gi|199 
000138 80.0 00038972 00038817 gi|18 00010689 00010872 gi|149 
000144 80.0 00039133 00038973 gi|18 00010528 00010716 gi|149 
new clan for ele 644
new clan for ele 648
new clan for ele 649
new clan for ele 650
new clan for ele 651
new clan for ele 653
new clan for ele 654
001469 81.7 00011771 00011317 gi|19 00038833 00039294 gi|126 
000191 81.7 00011830 00011772 gi|19 00038774 00038839 gi|126 
000177 81.5 00032254 00032282 gi|58 00000282 00000320 gi|251 
003366 81.5 00032293 00033020 gi|58 00000321 00001058 gi|251 
new clan for ele 655
new clan for ele 658
new clan for ele 660
new clan for ele 661
new clan for ele 662
000061 74.9 00008638 00008776 gi|231 00007017 00007111 gi|233 
000340 74.9 00008733 00009303 gi|231 00007112 00007638 gi|233 
002083 76.4 00024643 00025196 gi|203 00007111 00007672 gi|233 
001179 76.4 00025205 00025514 gi|203 00007673 00007990 gi|233 
new clan for ele 664
043973 93.9 00008010 00001443 gi|145 00000424 00007037 gi|247 
000798 93.9 00001396 00001323 gi|145 00007038 00007157 gi|247 
000794 93.9 00001323 00001390 gi|145 00011781 00011899 gi|247 
044189 93.9 00001442 00008010 gi|145 00011900 00018519 gi|247 
new clan for ele 665
new clan for ele 668
new clan for ele 670
new clan for ele 673
new clan for ele 674
001367 80.4 00001732 00001426 gi|17 00029094 00029379 gi|147 
000539 80.4 00001853 00001733 gi|17 00028973 00029072 gi|147 
new clan for ele 677
new clan for ele 679
003891 80.5 00022311 00021473 gi|74 00017462 00018339 gi|211 
010517 80.5 00021433 00019100 gi|74 00018340 00020712 gi|211 
new clan for ele 680
new clan for ele 681
new clan for ele 683
000190 75.7 00019557 00019624 gi|45 00002287 00002371 gi|131 
000492 75.7 00019625 00019799 gi|45 00002355 00002546 gi|131 
new clan for ele 690
new clan for ele 691
new clan for ele 693
007859 97.9 00030720 00029834 gi|93 00004211 00005101 gi|201 
017854 97.9 00029829 00027810 gi|93 00005102 00007125 gi|201 
new clan for ele 696
new clan for ele 697
new clan for ele 698
new clan for ele 700
new clan for ele 702
new clan for ele 704
new clan for ele 705
new clan for ele 706
new clan for ele 707
new clan for ele 708
new clan for ele 709
new clan for ele 710
new clan for ele 711
new clan for ele 712
new clan for ele 714
new clan for ele 715
new clan for ele 716
000456 76.6 00039756 00039489 gi|30 00002827 00003182 gi|98 
000892 76.6 00040279 00039757 gi|30 00002304 00002914 gi|98 
000116 76.6 00039756 00039754 gi|30 00002827 00002917 gi|98 
000340 76.6 00039665 00039489 gi|30 00002918 00003182 gi|98 
new clan for ele 718
new clan for ele 719
new clan for ele 723
000144 75.8 00037805 00037774 gi|127 00014372 00014400 gi|217 
000733 75.8 00037967 00037806 gi|127 00014210 00014368 gi|217 
000144 75.8 00037774 00037805 gi|127 00025702 00025730 gi|217 
000733 75.8 00037806 00037967 gi|127 00025734 00025892 gi|217 
000785 79.8 00029618 00029788 gi|181 00014192 00014370 gi|217 
000144 79.8 00029797 00029821 gi|181 00014371 00014403 gi|217 
000144 79.8 00029821 00029797 gi|181 00025699 00025731 gi|217 
000780 79.8 00029788 00029619 gi|181 00025732 00025909 gi|217 
000321 80.6 00029793 00029659 gi|181 00027695 00027870 gi|249 
000007 80.6 00029824 00029822 gi|181 00027664 00027707 gi|249 
new clan for ele 724
new clan for ele 725
new clan for ele 727
new clan for ele 735
new clan for ele 736
new clan for ele 738
new clan for ele 749
new clan for ele 750
new clan for ele 754
new clan for ele 755
new clan for ele 757
new clan for ele 758
new clan for ele 759
new clan for ele 760
new clan for ele 761
new clan for ele 762
new clan for ele 764
new clan for ele 766
new clan for ele 769
new clan for ele 772
000124 78.1 00016849 00016739 gi|70 00000716 00000790 gi|164 
000725 78.1 00016774 00016303 gi|70 00000791 00001226 gi|164 
new clan for ele 781
new clan for ele 782
new clan for ele 784
new clan for ele 785
new clan for ele 786
new clan for ele 787
new clan for ele 797
000047 82.9 00019905 00019903 gi|65 00030429 00030490 gi|167 
000024 82.9 00019826 00019855 gi|65 00030508 00030538 gi|167 
000038 81.2 00030490 00030450 gi|167 00036775 00036774 gi|216 
000032 81.2 00030541 00030508 gi|167 00036724 00036716 gi|216 
000042 82.9 00019641 00019646 gi|65 00030693 00030747 gi|167 
000042 82.9 00019586 00019591 gi|65 00030748 00030802 gi|167 
000043 84.0 00019590 00019582 gi|65 00000798 00000835 gi|186 
000068 84.0 00019628 00019641 gi|65 00000836 00000894 gi|186 
000290 78.9 00012774 00012927 gi|133 00009436 00009601 gi|213 
000071 78.9 00012940 00012967 gi|133 00009602 00009641 gi|213 
new clan for ele 802
new clan for ele 806
new clan for ele 807
new clan for ele 808
new clan for ele 809
new clan for ele 811
new clan for ele 813
new clan for ele 816
000065 78.6 00003076 00003108 gi|133 00009942 00009955 gi|253 
000490 78.6 00003109 00003355 gi|133 00009975 00010202 gi|253 
new clan for ele 820
new clan for ele 823
new clan for ele 827
new clan for ele 829
new clan for ele 832
new clan for ele 838
new clan for ele 840
new clan for ele 841
new clan for ele 842
new clan for ele 844
new clan for ele 848
new clan for ele 849
new clan for ele 853
000044 78.9 00020285 00020320 gi|20 00012766 00012814 gi|241 
000347 78.9 00020321 00020598 gi|20 00012802 00013092 gi|241 
000224 78.9 00020321 00020495 gi|20 00012802 00012989 gi|241 
000123 78.9 00020509 00020598 gi|20 00012990 00013092 gi|241 
000200 70.0 00020322 00020492 gi|20 00029516 00029692 gi|187 
000116 70.0 00020499 00020594 gi|20 00029693 00029794 gi|187 
000191 74.7 00020499 00020322 gi|20 00004734 00004911 gi|134 
000066 74.7 00020560 00020500 gi|20 00004673 00004733 gi|134 
new clan for ele 867
new clan for ele 870
new clan for ele 871
new clan for ele 872
new clan for ele 874
000776 71.5 00004609 00004143 gi|144 00013244 00013730 gi|203 
000112 71.5 00004676 00004610 gi|144 00013177 00013263 gi|203 
new clan for ele 877
new clan for ele 878
new clan for ele 880
new clan for ele 881
new clan for ele 882
new clan for ele 890
001718 81.8 00000340 00000002 gi|47 00024803 00025131 gi|214 
013392 81.8 00002982 00000341 gi|47 00022161 00024792 gi|214 
131671 99.8 00039115 00024817 gi|13 00010601 00024914 gi|136 
008150 99.8 00040000 00039116 gi|13 00009716 00010615 gi|136 
new clan for ele 893
new clan for ele 895
new clan for ele 896
000241 75.5 00012775 00012932 gi|133 00028835 00028990 gi|175 
000095 75.5 00012933 00012994 gi|133 00028993 00029052 gi|175 
new clan for ele 897
new clan for ele 899
new clan for ele 904
new clan for ele 905
000085 76.8 00039567 00039637 gi|73 00008835 00008915 gi|212 
000185 76.8 00039648 00039812 gi|73 00008916 00009090 gi|212 
new clan for ele 906
new clan for ele 907
new clan for ele 908
new clan for ele 911
new clan for ele 917
new clan for ele 922
new clan for ele 925
new clan for ele 927
new clan for ele 929
new clan for ele 930
new clan for ele 931
new clan for ele 932
new clan for ele 933
new clan for ele 936
new clan for ele 938
new clan for ele 939
new clan for ele 941
new clan for ele 945
new clan for ele 946
000638 70.7 00004031 00004300 gi|221 00013598 00013861 gi|250 
000168 70.7 00004301 00004371 gi|221 00013868 00013932 gi|250 
new clan for ele 947
new clan for ele 948
new clan for ele 949
new clan for ele 950
new clan for ele 951
new clan for ele 961
new clan for ele 963
new clan for ele 969
new clan for ele 974
new clan for ele 975
000140 76.5 00007361 00007402 gi|15 00034582 00034619 gi|51 
000187 76.5 00007403 00007458 gi|15 00034624 00034675 gi|51 
new clan for ele 976
new clan for ele 977
new clan for ele 979
new clan for ele 980
new clan for ele 981
new clan for ele 982
new clan for ele 983
new clan for ele 988
new clan for ele 991
000087 76.1 00010111 00010072 gi|112 00023108 00023141 gi|128 
000340 76.1 00010267 00010112 gi|112 00022952 00023101 gi|128 
000211 75.5 00021282 00021079 gi|98 00022889 00023102 gi|128 
000057 75.5 00021068 00021022 gi|98 00023103 00023159 gi|128 
000339 79.5 00038288 00038469 gi|32 00022906 00023102 gi|128 
000100 79.5 00038485 00038527 gi|32 00023103 00023160 gi|128 
new clan for ele 996
new clan for ele 998
new clan for ele 1002
000167 74.8 00018467 00018604 gi|45 00010622 00010790 gi|171 
000103 74.8 00018605 00018688 gi|45 00010760 00010874 gi|171 
000135 74.8 00018467 00018572 gi|45 00010622 00010758 gi|171 
000032 74.8 00018604 00018604 gi|45 00010759 00010790 gi|171 
new clan for ele 1006
new clan for ele 1009
new clan for ele 1016
new clan for ele 1019
new clan for ele 1020
000193 78.2 00039772 00039698 gi|203 00016050 00016134 gi|226 
000127 78.2 00039821 00039773 gi|203 00016001 00016059 gi|226 
000150 75.2 00002017 00001957 gi|151 00015983 00016058 gi|226 
000862 75.2 00001941 00001522 gi|151 00016059 00016493 gi|226 
new clan for ele 1022
new clan for ele 1023
new clan for ele 1024
new clan for ele 1028
new clan for ele 1029
new clan for ele 1030
new clan for ele 1035
new clan for ele 1036
new clan for ele 1041
new clan for ele 1045
new clan for ele 1046
new clan for ele 1048
new clan for ele 1049
001625 85.0 00026661 00027349 gi|47 00003731 00004381 gi|143 
000168 85.0 00027350 00027420 gi|47 00004420 00004452 gi|143 
new clan for ele 1052
new clan for ele 1054
new clan for ele 1056
new clan for ele 1059
new clan for ele 1061
new clan for ele 1063
new clan for ele 1064
new clan for ele 1066
new clan for ele 1067
new clan for ele 1070
new clan for ele 1072
new clan for ele 1075
000057 81.2 00026455 00026421 gi|45 00029061 00029106 gi|144 
000317 81.2 00026647 00026456 gi|45 00028869 00029071 gi|144 
new clan for ele 1077
new clan for ele 1084
new clan for ele 1085
new clan for ele 1087
new clan for ele 1091
new clan for ele 1108
new clan for ele 1110
new clan for ele 1111
new clan for ele 1112
new clan for ele 1113
000757 70.7 00036324 00036674 gi|145 00005104 00005459 gi|160 
000073 70.7 00036680 00036708 gi|145 00005460 00005493 gi|160 
new clan for ele 1116
000484 72.8 00028929 00028797 gi|230 00017068 00017193 gi|250 
001283 72.8 00029281 00028930 gi|230 00016716 00017060 gi|250 
000402 72.8 00029391 00029282 gi|230 00016606 00016708 gi|250 
new clan for ele 1117
new clan for ele 1119
new clan for ele 1127
000334 76.6 00034646 00034361 gi|85 00027016 00027292 gi|236 
000073 76.6 00034708 00034647 gi|85 00026954 00027006 gi|236 
000226 77.9 00034385 00034646 gi|85 00012018 00012283 gi|156 
000033 77.9 00034647 00034683 gi|85 00012280 00012320 gi|156 
new clan for ele 1131
new clan for ele 1135
new clan for ele 1136
new clan for ele 1143
new clan for ele 1145
new clan for ele 1148
new clan for ele 1151
new clan for ele 1152
new clan for ele 1153
new clan for ele 1154
new clan for ele 1157
new clan for ele 1160
new clan for ele 1162
new clan for ele 1165
new clan for ele 1166
new clan for ele 1167
new clan for ele 1168
new clan for ele 1171
new clan for ele 1172
new clan for ele 1173
new clan for ele 1174
new clan for ele 1175
new clan for ele 1184
000036 80.0 00038972 00038952 gi|18 00010689 00010737 gi|149 
000102 80.0 00038923 00038817 gi|18 00010738 00010872 gi|149 
new clan for ele 1186
new clan for ele 1201
new clan for ele 1206
new clan for ele 1211
new clan for ele 1214
new clan for ele 1215
new clan for ele 1218
new clan for ele 1225
new clan for ele 1227
new clan for ele 1228
new clan for ele 1231
new clan for ele 1232
new clan for ele 1233
new clan for ele 1240
new clan for ele 1246
new clan for ele 1247
new clan for ele 1250
new clan for ele 1255
new clan for ele 1258
new clan for ele 1260
new clan for ele 1264
new clan for ele 1266
new clan for ele 1267
new clan for ele 1270
new clan for ele 1271
new clan for ele 1277
new clan for ele 1281
new clan for ele 1282
new clan for ele 1284
new clan for ele 1288
new clan for ele 1289
new clan for ele 1290
new clan for ele 1291
new clan for ele 1292
new clan for ele 1293
new clan for ele 1294
new clan for ele 1295
new clan for ele 1296
new clan for ele 1297
new clan for ele 1298
new clan for ele 1303
new clan for ele 1313
002867 84.9 00034064 00034619 gi|23 00015462 00016021 gi|227 
000181 84.9 00034620 00034654 gi|23 00016018 00016056 gi|227 
new clan for ele 1315
new clan for ele 1318
new clan for ele 1319
new clan for ele 1327
new clan for ele 1328
new clan for ele 1329
new clan for ele 1330
new clan for ele 1331
new clan for ele 1332
new clan for ele 1334
new clan for ele 1335
new clan for ele 1336
new clan for ele 1340
new clan for ele 1346
new clan for ele 1350
new clan for ele 1351
new clan for ele 1352
new clan for ele 1354
new clan for ele 1356
000223 78.8 00026119 00026050 gi|37 00014441 00014519 gi|203 
000096 78.8 00026040 00026016 gi|37 00014520 00014553 gi|203 
new clan for ele 1357
new clan for ele 1360
new clan for ele 1363
new clan for ele 1365
new clan for ele 1366
new clan for ele 1369
new clan for ele 1370
new clan for ele 1381
new clan for ele 1385
new clan for ele 1386
new clan for ele 1389
new clan for ele 1391
new clan for ele 1397
new clan for ele 1398
new clan for ele 1405
new clan for ele 1406
new clan for ele 1411
new clan for ele 1412
new clan for ele 1413
new clan for ele 1414
new clan for ele 1418
new clan for ele 1422
new clan for ele 1426
new clan for ele 1427
new clan for ele 1429
new clan for ele 1433
new clan for ele 1435
new clan for ele 1439
new clan for ele 1441
new clan for ele 1442
new clan for ele 1443
new clan for ele 1453
new clan for ele 1460
new clan for ele 1461
new clan for ele 1472
000069 80.6 00039345 00039403 gi|30 00016273 00016322 gi|191 
000224 80.6 00039404 00039595 gi|30 00016332 00016514 gi|191 
new clan for ele 1473
new clan for ele 1477
new clan for ele 1478
new clan for ele 1483
new clan for ele 1487
new clan for ele 1490
new clan for ele 1493
new clan for ele 1494
new clan for ele 1495
new clan for ele 1500
new clan for ele 1501
new clan for ele 1502
new clan for ele 1504
new clan for ele 1507
new clan for ele 1511
new clan for ele 1512
new clan for ele 1514
new clan for ele 1518
new clan for ele 1521
new clan for ele 1525
new clan for ele 1547
new clan for ele 1548
000125 80.5 00013001 00013080 gi|164 00013478 00013547 gi|246 
000189 80.5 00013071 00013185 gi|164 00013548 00013652 gi|246 
new clan for ele 1551
new clan for ele 1552
new clan for ele 1554
new clan for ele 1555
new clan for ele 1565
new clan for ele 1570
new clan for ele 1576
new clan for ele 1579
new clan for ele 1582
new clan for ele 1598
new clan for ele 1610
000049 76.3 00013891 00013930 gi|167 00001885 00001924 gi|171 
000303 76.3 00013931 00014173 gi|167 00001925 00002167 gi|171 
000065 76.9 00006566 00006509 gi|113 00001866 00001924 gi|171 
000298 76.9 00006507 00006242 gi|113 00001925 00002191 gi|171 
new clan for ele 1613
new clan for ele 1614
new clan for ele 1618
new clan for ele 1628
new clan for ele 1631
new clan for ele 1634
new clan for ele 1636
new clan for ele 1639
new clan for ele 1648
new clan for ele 1650
new clan for ele 1651
new clan for ele 1654
new clan for ele 1659
new clan for ele 1660
new clan for ele 1668
new clan for ele 1669
new clan for ele 1670
new clan for ele 1671
new clan for ele 1674
new clan for ele 1677
new clan for ele 1687
new clan for ele 1689
new clan for ele 1693
new clan for ele 1696
new clan for ele 1697
new clan for ele 1698
new clan for ele 1705
new clan for ele 1711
new clan for ele 1712
new clan for ele 1718
new clan for ele 1720
000274 76.6 00017531 00017623 gi|23 00014708 00014800 gi|171 
000859 76.6 00017624 00017914 gi|23 00014801 00015091 gi|171 
new clan for ele 1721
new clan for ele 1723
new clan for ele 1725
new clan for ele 1729
new clan for ele 1730
new clan for ele 1732
new clan for ele 1733
new clan for ele 1734
new clan for ele 1735
new clan for ele 1737
new clan for ele 1749
new clan for ele 1751
new clan for ele 1752
new clan for ele 1762
new clan for ele 1770
new clan for ele 1771
new clan for ele 1776
new clan for ele 1777
new clan for ele 1778
new clan for ele 1783
new clan for ele 1785
new clan for ele 1790
new clan for ele 1793
new clan for ele 1797
new clan for ele 1798
new clan for ele 1799
new clan for ele 1805
000082 76.0 00039687 00039738 gi|175 00022972 00023012 gi|180 
000372 76.0 00039739 00039973 gi|175 00023024 00023247 gi|180 
000058 78.2 00002235 00002201 gi|106 00022974 00023023 gi|180 
000376 78.2 00002185 00001879 gi|106 00023024 00023345 gi|180 
new clan for ele 1807
new clan for ele 1809
new clan for ele 1811
new clan for ele 1813
new clan for ele 1817
new clan for ele 1818
new clan for ele 1827
new clan for ele 1828
new clan for ele 1829
new clan for ele 1830
new clan for ele 1831
new clan for ele 1832
new clan for ele 1833
new clan for ele 1834
new clan for ele 1835
new clan for ele 1852
new clan for ele 1854
new clan for ele 1857
new clan for ele 1858
new clan for ele 1864
new clan for ele 1885
new clan for ele 1887
new clan for ele 1890
new clan for ele 1892
new clan for ele 1894
new clan for ele 1896
new clan for ele 1908
new clan for ele 1911
new clan for ele 1913
new clan for ele 1914
new clan for ele 1915
new clan for ele 1917
new clan for ele 1918
new clan for ele 1920
new clan for ele 1925
new clan for ele 1931
new clan for ele 1934
new clan for ele 1937
new clan for ele 1938
new clan for ele 1940
new clan for ele 1943
new clan for ele 1948
new clan for ele 1951
new clan for ele 1959
new clan for ele 1964
new clan for ele 1966
new clan for ele 1973
new clan for ele 1979
new clan for ele 1982
new clan for ele 1983
new clan for ele 1987
new clan for ele 1990
new clan for ele 1995
new clan for ele 1996
new clan for ele 1997
new clan for ele 1998
new clan for ele 1999
new clan for ele 2004
new clan for ele 2009
new clan for ele 2010
new clan for ele 2017
new clan for ele 2018
new clan for ele 2020
new clan for ele 2024
new clan for ele 2027
new clan for ele 2028
new clan for ele 2029
new clan for ele 2030
new clan for ele 2036
new clan for ele 2037
new clan for ele 2039
new clan for ele 2040
new clan for ele 2044
new clan for ele 2047
new clan for ele 2048
new clan for ele 2051
000173 77.7 00019890 00019837 gi|66 00012512 00012566 gi|187 
000100 77.7 00019921 00019891 gi|66 00012481 00012512 gi|187 
new clan for ele 2054
new clan for ele 2075
new clan for ele 2083
new clan for ele 2084
new clan for ele 2085
new clan for ele 2092
new clan for ele 2095
new clan for ele 2096
new clan for ele 2097
new clan for ele 2098
new clan for ele 2099
new clan for ele 2100
new clan for ele 2101
new clan for ele 2102
new clan for ele 2103
new clan for ele 2104
new clan for ele 2105
new clan for ele 2117
001911 80.7 00002197 00001834 gi|76 00017930 00018299 gi|189 
000320 80.7 00002258 00002198 gi|76 00017869 00017935 gi|189 
000521 80.7 00002357 00002259 gi|76 00017770 00017874 gi|189 
new clan for ele 2120
new clan for ele 2130
new clan for ele 2133
new clan for ele 2134
new clan for ele 2136
new clan for ele 2140
new clan for ele 2143
new clan for ele 2147
new clan for ele 2150
new clan for ele 2151
new clan for ele 2152
new clan for ele 2161
new clan for ele 2163
new clan for ele 2170
new clan for ele 2171
new clan for ele 2172
new clan for ele 2174
new clan for ele 2180
new clan for ele 2181
new clan for ele 2182
new clan for ele 2183
new clan for ele 2191
new clan for ele 2192
new clan for ele 2193
new clan for ele 2194
new clan for ele 2195
new clan for ele 2209
new clan for ele 2214
new clan for ele 2225
new clan for ele 2235
new clan for ele 2239
new clan for ele 2240
new clan for ele 2242
new clan for ele 2251
new clan for ele 2257
new clan for ele 2258
new clan for ele 2259
new clan for ele 2262
new clan for ele 2263
new clan for ele 2264
new clan for ele 2267
new clan for ele 2268
new clan for ele 2276
new clan for ele 2278
new clan for ele 2294
new clan for ele 2306
new clan for ele 2309
new clan for ele 2310
new clan for ele 2311
new clan for ele 2325
new clan for ele 2332
new clan for ele 2333
new clan for ele 2336
new clan for ele 2363
new clan for ele 2364
new clan for ele 2365
new clan for ele 2370
000088 76.0 00030579 00030496 gi|2 00039034 00039113 gi|220 
000205 76.0 00030499 00030310 gi|2 00039114 00039299 gi|220 
new clan for ele 2403
new clan for ele 2415
new clan for ele 2418
new clan for ele 2425
new clan for ele 2428
new clan for ele 2431
new clan for ele 2435
new clan for ele 2439
new clan for ele 2440
new clan for ele 2450
new clan for ele 2454
new clan for ele 2457
new clan for ele 2464
new clan for ele 2466
new clan for ele 2473
new clan for ele 2477
new clan for ele 2487
new clan for ele 2491
new clan for ele 2492
new clan for ele 2493
new clan for ele 2498
new clan for ele 2500
new clan for ele 2511
new clan for ele 2514
new clan for ele 2515
new clan for ele 2520
new clan for ele 2521
new clan for ele 2522
new clan for ele 2527
new clan for ele 2528
new clan for ele 2529
new clan for ele 2533
new clan for ele 2536
new clan for ele 2538
new clan for ele 2541
new clan for ele 2552
new clan for ele 2553
new clan for ele 2559
new clan for ele 2564
new clan for ele 2566
new clan for ele 2567
new clan for ele 2577
new clan for ele 2579
new clan for ele 2580
new clan for ele 2581
new clan for ele 2583
new clan for ele 2584
new clan for ele 2586
new clan for ele 2590
new clan for ele 2591
new clan for ele 2595
new clan for ele 2604
new clan for ele 2610
new clan for ele 2618
006883 79.0 00036752 00035241 gi|21 00038890 00040421 gi|218 
014782 79.0 00039999 00036753 gi|21 00035643 00038909 gi|218 
new clan for ele 2622
new clan for ele 2632
new clan for ele 2637
new clan for ele 2643
new clan for ele 2650
000197 70.9 00020953 00021128 gi|28 00017865 00018045 gi|66 
000192 70.9 00021129 00021299 gi|28 00018041 00018216 gi|66 
new clan for ele 2659
new clan for ele 2660
000058 70.3 00008798 00008833 gi|67 00008672 00008710 gi|212 
000300 70.3 00008837 00009033 gi|67 00008711 00008910 gi|212 
new clan for ele 2662
new clan for ele 2667
new clan for ele 2676
new clan for ele 2682
new clan for ele 2692
new clan for ele 2712
new clan for ele 2716
new clan for ele 2728
new clan for ele 2733
new clan for ele 2740
new clan for ele 2741
new clan for ele 2743
new clan for ele 2747
new clan for ele 2753
new clan for ele 2764
new clan for ele 2769
new clan for ele 2775
new clan for ele 2778
new clan for ele 2786
new clan for ele 2790
new clan for ele 2791
new clan for ele 2806
new clan for ele 2822
new clan for ele 2832
new clan for ele 2846
new clan for ele 2847
new clan for ele 2848
new clan for ele 2850
new clan for ele 2853
new clan for ele 2854
new clan for ele 2856
new clan for ele 2859
new clan for ele 2861
new clan for ele 2864
new clan for ele 2868
new clan for ele 2876
new clan for ele 2884
new clan for ele 2895
new clan for ele 2904
new clan for ele 2905
new clan for ele 2910
new clan for ele 2920
new clan for ele 2922
new clan for ele 2945
new clan for ele 2965
new clan for ele 2971
new clan for ele 2975
new clan for ele 2982
new clan for ele 2988
new clan for ele 3000
new clan for ele 3006
new clan for ele 3009
new clan for ele 3010
000761 76.3 00001079 00000634 gi|94 00000697 00001145 gi|227 
000080 76.3 00000630 00000587 gi|94 00001146 00001192 gi|227 
new clan for ele 3016
new clan for ele 3049
new clan for ele 3051
new clan for ele 3054
new clan for ele 3055
new clan for ele 3057
new clan for ele 3063
new clan for ele 3064
new clan for ele 3068
new clan for ele 3072
new clan for ele 3086
new clan for ele 3087
new clan for ele 3096
new clan for ele 3106
new clan for ele 3107
new clan for ele 3113
new clan for ele 3114
new clan for ele 3115
new clan for ele 3125
new clan for ele 3127
new clan for ele 3134
new clan for ele 3140
new clan for ele 3142
new clan for ele 3146
new clan for ele 3147
new clan for ele 3148
new clan for ele 3149
new clan for ele 3155
new clan for ele 3159
new clan for ele 3162
new clan for ele 3165
new clan for ele 3176
new clan for ele 3178
new clan for ele 3205
new clan for ele 3213
new clan for ele 3227
new clan for ele 3230
new clan for ele 3233
new clan for ele 3236
new clan for ele 3239
new clan for ele 3246
new clan for ele 3249
new clan for ele 3250
new clan for ele 3254
new clan for ele 3257
new clan for ele 3266
new clan for ele 3267
new clan for ele 3278
new clan for ele 3280
new clan for ele 3281
new clan for ele 3286
new clan for ele 3297
new clan for ele 3301
new clan for ele 3302
new clan for ele 3313
new clan for ele 3326
new clan for ele 3354
new clan for ele 3358
new clan for ele 3362
new clan for ele 3369
new clan for ele 3371
new clan for ele 3374
new clan for ele 3380
new clan for ele 3383
new clan for ele 3384
new clan for ele 3386
new clan for ele 3388
new clan for ele 3389
new clan for ele 3391
new clan for ele 3405
new clan for ele 3420
new clan for ele 3424
new clan for ele 3428
new clan for ele 3433
new clan for ele 3441
new clan for ele 3447
new clan for ele 3449
new clan for ele 3456
new clan for ele 3463
new clan for ele 3468
new clan for ele 3470
new clan for ele 3492
new clan for ele 3511
new clan for ele 3512
new clan for ele 3513
new clan for ele 3518
new clan for ele 3527
new clan for ele 3531
new clan for ele 3540
new clan for ele 3542
new clan for ele 3552
new clan for ele 3562
new clan for ele 3563
new clan for ele 3567
new clan for ele 3568
new clan for ele 3570
new clan for ele 3571
new clan for ele 3573
new clan for ele 3579
new clan for ele 3581
new clan for ele 3586
new clan for ele 3587
new clan for ele 3588
new clan for ele 3599
new clan for ele 3619
new clan for ele 3625
new clan for ele 3628
new clan for ele 3629
new clan for ele 3632
new clan for ele 3648
new clan for ele 3651
new clan for ele 3652
new clan for ele 3657
new clan for ele 3673
new clan for ele 3674
new clan for ele 3680
new clan for ele 3684
new clan for ele 3685
new clan for ele 3689
new clan for ele 3690
new clan for ele 3692
new clan for ele 3694
new clan for ele 3703
new clan for ele 3705
new clan for ele 3737
new clan for ele 3753
new clan for ele 3770
new clan for ele 3776
new clan for ele 3777
new clan for ele 3786
new clan for ele 3791
new clan for ele 3793
new clan for ele 3794
new clan for ele 3795
new clan for ele 3804
new clan for ele 3809
new clan for ele 3819
new clan for ele 3823
new clan for ele 3845
new clan for ele 3850
new clan for ele 3859
new clan for ele 3870
new clan for ele 3872
new clan for ele 3890
new clan for ele 3925
new clan for ele 3928
new clan for ele 3931
new clan for ele 3942
new clan for ele 3944
new clan for ele 3974
new clan for ele 3981
new clan for ele 4024
new clan for ele 4030
new clan for ele 4031
new clan for ele 4038
new clan for ele 4051
new clan for ele 4068
new clan for ele 4081
new clan for ele 4094
new clan for ele 4102
new clan for ele 4104
new clan for ele 4108
new clan for ele 4127
new clan for ele 4134
new clan for ele 4144
new clan for ele 4145
new clan for ele 4153
new clan for ele 4169
new clan for ele 4181
new clan for ele 4194
new clan for ele 4202
new clan for ele 4205
new clan for ele 4206
new clan for ele 4216
new clan for ele 4234
new clan for ele 4255
new clan for ele 4259
new clan for ele 4267
new clan for ele 4273
new clan for ele 4274
new clan for ele 4276
new clan for ele 4293
new clan for ele 4299
new clan for ele 4301
new clan for ele 4303
new clan for ele 4304
new clan for ele 4305
new clan for ele 4307
new clan for ele 4312
new clan for ele 4315
new clan for ele 4332
new clan for ele 4395
new clan for ele 4444
new clan for ele 4467
new clan for ele 4470
new clan for ele 4476
new clan for ele 4503
new clan for ele 4507
new clan for ele 4511
new clan for ele 4515
new clan for ele 4521
new clan for ele 4522
new clan for ele 4528
new clan for ele 4533
new clan for ele 4558
new clan for ele 4561
new clan for ele 4595
new clan for ele 4597
new clan for ele 4611
new clan for ele 4614
new clan for ele 4617
new clan for ele 4618
new clan for ele 4619
new clan for ele 4620
new clan for ele 4626
new clan for ele 4627
new clan for ele 4628
new clan for ele 4629
new clan for ele 4654
new clan for ele 4659
new clan for ele 4715
new clan for ele 4716
new clan for ele 4718
new clan for ele 4722
new clan for ele 4729
new clan for ele 4738
new clan for ele 4749
new clan for ele 4750
new clan for ele 4759
new clan for ele 4760
new clan for ele 4761
new clan for ele 4764
new clan for ele 4765
new clan for ele 4772
new clan for ele 4783
new clan for ele 4808
new clan for ele 4820
new clan for ele 4825
new clan for ele 4830
new clan for ele 4843
new clan for ele 4851
new clan for ele 4861
new clan for ele 4865
new clan for ele 4879
new clan for ele 4901
new clan for ele 4912
new clan for ele 4913
new clan for ele 4919
new clan for ele 4938
new clan for ele 4954
new clan for ele 4955
new clan for ele 4976
new clan for ele 4989
new clan for ele 4999
new clan for ele 5021
new clan for ele 5031
new clan for ele 5032
new clan for ele 5054
new clan for ele 5068
new clan for ele 5113
new clan for ele 5121
new clan for ele 5122
new clan for ele 5147
new clan for ele 5188
new clan for ele 5197
new clan for ele 5204
new clan for ele 5304
new clan for ele 5315
new clan for ele 5316
new clan for ele 5322
new clan for ele 5332
new clan for ele 5349
new clan for ele 5353
new clan for ele 5362
new clan for ele 5364
new clan for ele 5370
new clan for ele 5373
new clan for ele 5449
new clan for ele 5496
new clan for ele 5549
new clan for ele 5568
new clan for ele 5578
new clan for ele 5591
new clan for ele 5593
new clan for ele 5599
new clan for ele 5610
new clan for ele 5628
new clan for ele 5669
new clan for ele 5711
new clan for ele 5716
new clan for ele 5730
new clan for ele 5733
new clan for ele 5735
new clan for ele 5748
new clan for ele 5749
new clan for ele 5876
new clan for ele 5986
new clan for ele 6111
new clan for ele 6113
new clan for ele 6256
new clan for ele 6338
new clan for ele 6370
new clan for ele 6381
new clan for ele 6395
new clan for ele 6505
new clan for ele 6517
new clan for ele 6797
new clan for ele 6798
new clan for ele 87
new clan for ele 321
new clan for ele 517
new clan for ele 632
new clan for ele 960
new clan for ele 1222
new clan for ele 1428
