Edge	8	109	20	0	0	0	228	-1
	Sequence	+edge_5_0_+disjointig_1_295678_305953 10275 1 2812526 295678 305953
	Sequence	+edge_5_1_+disjointig_13_30296_40634 10338 5 415357 30296 40634
Edge	9	19	76	0	0	0	228	-1
	Sequence	-edge_5_0_+disjointig_1_295678_305953 10275 -1 2812526 2506572 2516847
	Sequence	-edge_5_1_+disjointig_13_30296_40634 10338 -5 415357 374722 385060
Edge	12	20	209	0	0	0	330	-1
	Sequence	+edge_7_0_+disjointig_1_305953_607256 301303 1 2812526 305953 607256
Edge	13	38	19	0	0	0	330	-1
	Sequence	-edge_7_0_+disjointig_1_305953_607256 301303 -1 2812526 2205269 2506572
Edge	20	60	114	0	0	1	0	-1
	Sequence	+edge_11_0_+disjointig_1_623318_630858 7540 1 2812526 623318 630858
Edge	21	60	114	0	0	1	0	-1
	Sequence	-edge_11_0_+disjointig_1_623318_630858 7540 -1 2812526 2181667 2189207
Edge	24	96	96	1	0	0	88	2
	Sequence	+edge_13_0_+disjointig_15_31026_44724 13698 7 81043 31026 44724
Edge	25	94	94	1	0	0	88	3
	Sequence	-edge_13_0_+disjointig_15_31026_44724 13698 -7 81043 36318 50016
Edge	32	151	112	1	0	0	192	4
	Sequence	+edge_17_0_+disjointig_1_1386272_1389677 3405 1 2812526 1386272 1389677
Edge	33	102	84	1	0	0	192	5
	Sequence	-edge_17_0_+disjointig_1_1386272_1389677 3405 -1 2812526 1422848 1426253
Edge	34	151	112	1	0	0	96	4
	Sequence	+edge_18_0_+disjointig_14_26043_30373 4330 6 83493 26043 30373
Edge	35	102	84	1	0	0	96	5
	Sequence	-edge_18_0_+disjointig_14_26043_30373 4330 -6 83493 53119 57449
Edge	42	119	172	1	0	0	230	6
	Sequence	+edge_22_0_+disjointig_1_1999976_2013967 13991 1 2812526 1999976 2013967
Edge	43	110	122	1	0	0	230	7
	Sequence	-edge_22_0_+disjointig_1_1999976_2013967 13991 -1 2812526 798558 812549
Edge	44	119	172	1	0	0	144	6
	Sequence	+edge_23_0_+disjointig_25_48993_54484 5491 18 111162 48993 54484
Edge	45	110	122	1	0	0	144	7
	Sequence	-edge_23_0_+disjointig_25_48993_54484 5491 -18 111162 56677 62168
Edge	52	67	61	0	0	1	511	-1
	Sequence	+edge_27_0_+disjointig_1_2299580_2301129 1549 1 2812526 2299580 2301129
	Sequence	+edge_27_1_+disjointig_1_2307754_2309301 1547 1 2812526 2307754 2309301
	Sequence	+edge_27_2_+disjointig_22_47384_48933 1549 15 152219 47384 48933
Edge	53	58	71	0	0	1	511	-1
	Sequence	-edge_27_0_+disjointig_1_2299580_2301129 1549 -1 2812526 511396 512945
	Sequence	-edge_27_1_+disjointig_1_2307754_2309301 1547 -1 2812526 503224 504771
	Sequence	-edge_27_2_+disjointig_22_47384_48933 1549 -15 152219 103285 104834
Edge	54	71	133	0	0	0	124	-1
	Sequence	+edge_28_0_-disjointig_1_504771_511396 6625 -1 2812526 504771 511396
Edge	55	43	67	0	0	0	124	-1
	Sequence	-edge_28_0_-disjointig_1_504771_511396 6625 1 2812526 2301129 2307754
Edge	56	61	17	0	0	0	364	-1
	Sequence	+edge_29_0_+disjointig_1_2309301_2347909 38608 1 2812526 2309301 2347909
	Sequence	+edge_29_1_+disjointig_22_48933_87566 38633 15 152219 48933 87566
Edge	57	16	58	0	0	0	364	-1
	Sequence	-edge_29_0_+disjointig_1_2309301_2347909 38608 -1 2812526 464616 503224
	Sequence	-edge_29_1_+disjointig_22_48933_87566 38633 -15 152219 64652 103285
Edge	58	87	86	1	0	0	275	8
	Sequence	+edge_30_0_+disjointig_1_2347909_2349540 1631 1 2812526 2347909 2349540
Edge	59	124	105	1	0	0	275	9
	Sequence	-edge_30_0_+disjointig_1_2347909_2349540 1631 -1 2812526 462985 464616
Edge	60	87	86	1	0	0	132	8
	Sequence	+edge_31_0_+disjointig_22_87566_89801 2235 15 152219 87566 89801
Edge	61	124	105	1	0	0	132	9
	Sequence	-edge_31_0_+disjointig_22_87566_89801 2235 -15 152219 62417 64652
Edge	62	85	15	0	0	0	408	-1
	Sequence	+edge_32_0_+disjointig_1_2349540_2360792 11252 1 2812526 2349540 2360792
	Sequence	+edge_32_1_+disjointig_22_89801_100708 10907 15 152219 89801 100708
Edge	63	128	182	0	0	0	408	-1
	Sequence	-edge_32_0_+disjointig_1_2349540_2360792 11252 -1 2812526 451733 462985
	Sequence	-edge_32_1_+disjointig_22_89801_100708 10907 -15 152219 51510 62417
Edge	64	50	115	1	0	0	271	10
	Sequence	+edge_33_0_+disjointig_1_2360792_2361607 815 1 2812526 2360792 2361607
Edge	65	149	92	1	0	0	271	11
	Sequence	-edge_33_0_+disjointig_1_2360792_2361607 815 -1 2812526 450918 451733
Edge	66	50	115	1	0	0	62	10
	Sequence	+edge_34_0_+disjointig_22_100708_102949 2241 15 152219 100708 102949
Edge	67	149	92	1	0	0	62	11
	Sequence	-edge_34_0_+disjointig_22_100708_102949 2241 -15 152219 49269 51510
Edge	74	89	103	0	0	0	296	-1
	Sequence	+edge_38_0_+disjointig_10_0_909194 909194 2 935933 0 909194
Edge	75	56	83	0	0	0	296	-1
	Sequence	-edge_38_0_+disjointig_10_0_909194 909194 -2 935933 26738 935932
Edge	82	70	183	0	0	0	350	-1
	Sequence	+edge_42_0_+disjointig_11_0_183347 183347 3 479145 0 183347
Edge	83	95	48	0	0	0	350	-1
	Sequence	-edge_42_0_+disjointig_11_0_183347 183347 -3 479145 295797 479144
Edge	84	66	65	1	0	1	927	-1
	Sequence	+edge_43_0_+disjointig_11_183347_197489 14142 3 479145 183347 197489
	Sequence	+edge_43_1_+disjointig_11_198458_212643 14185 3 479145 198458 212643
	Sequence	+edge_43_2_+disjointig_11_213619_227643 14024 3 479145 213619 227643
Edge	85	63	54	1	0	1	927	-1
	Sequence	-edge_43_0_+disjointig_11_183347_197489 14142 -3 479145 281655 295797
	Sequence	-edge_43_1_+disjointig_11_198458_212643 14185 -3 479145 266501 280686
	Sequence	-edge_43_2_+disjointig_11_213619_227643 14024 -3 479145 251501 265525
Edge	86	54	63	1	0	1	606	-1
	Sequence	+edge_44_0_-disjointig_11_280686_281655 969 -3 479145 280686 281655
	Sequence	+edge_44_1_-disjointig_11_265525_266501 976 -3 479145 265525 266501
Edge	87	65	66	1	0	1	606	-1
	Sequence	-edge_44_0_-disjointig_11_280686_281655 969 3 479145 197489 198458
	Sequence	-edge_44_1_-disjointig_11_265525_266501 976 3 479145 212643 213619
Edge	88	206	164	0	0	0	382	-1
	Sequence	+edge_45_0_+disjointig_11_227643_419837 192194 3 479145 227643 419837
Edge	89	42	97	0	0	0	382	-1
	Sequence	-edge_45_0_+disjointig_11_227643_419837 192194 -3 479145 59307 251501
Edge	92	192	41	0	0	0	204	-1
	Sequence	+edge_47_0_+disjointig_2_4572903_4659790 86887 12 4659791 4572903 4659790
Edge	93	150	185	0	0	0	204	-1
	Sequence	-edge_47_0_+disjointig_2_4572903_4659790 86887 -12 4659791 0 86887
Edge	102	98	80	1	0	0	100	12
	Sequence	+edge_52_0_+disjointig_13_225687_245140 19453 5 415357 225687 245140
	Sequence	+edge_52_1_-disjointig_26_43129_62844 19715 -19 99246 43129 62844
Edge	103	53	131	1	0	0	100	13
	Sequence	-edge_52_0_+disjointig_13_225687_245140 19453 -5 415357 170216 189669
	Sequence	-edge_52_1_-disjointig_26_43129_62844 19715 19 99246 36401 56116
Edge	104	98	80	1	0	0	77	12
	Sequence	+edge_53_0_-disjointig_21_50507_55099 4592 -14 111564 50507 55099
Edge	105	53	131	1	0	0	77	13
	Sequence	-edge_53_0_-disjointig_21_50507_55099 4592 14 111564 56464 61056
Edge	112	153	202	0	0	0	148	-1
	Sequence	+edge_57_0_+disjointig_13_331186_387740 56554 5 415357 331186 387740
Edge	113	174	204	0	0	0	148	-1
	Sequence	-edge_57_0_+disjointig_13_331186_387740 56554 -5 415357 27616 84170
Edge	116	93	147	0	0	0	76	-1
	Sequence	+edge_59_0_+disjointig_13_308757_312804 4047 5 415357 308757 312804
Edge	117	69	64	0	0	0	76	-1
	Sequence	-edge_59_0_+disjointig_13_308757_312804 4047 -5 415357 102552 106599
Edge	120	46	129	0	0	0	216	-1
	Sequence	+edge_61_0_+disjointig_9_950861_1245452 294591 27 1271766 950861 1245452
Edge	121	203	138	0	0	0	216	-1
	Sequence	-edge_61_0_+disjointig_9_950861_1245452 294591 -27 1271766 26313 320904
Edge	138	77	210	0	0	0	92	-1
	Sequence	+edge_70_0_+disjointig_17_38552_43108 4556 9 86864 38552 43108
	Sequence	+edge_70_1_-disjointig_17_27832_32422 4590 -9 86864 27832 32422
Edge	139	127	45	0	0	0	92	-1
	Sequence	-edge_70_0_+disjointig_17_38552_43108 4556 -9 86864 43755 48311
	Sequence	-edge_70_1_-disjointig_17_27832_32422 4590 9 86864 54441 59031
Edge	140	77	186	0	0	0	304	-1
	Sequence	+edge_71_0_+disjointig_6_510763_766943 256180 24 766944 510763 766943
Edge	141	137	45	0	0	0	304	-1
	Sequence	-edge_71_0_+disjointig_6_510763_766943 256180 -24 766944 0 256180
Edge	142	210	127	1	0	0	49	-1
	Sequence	+edge_72_0_+disjointig_17_43108_54441 11333 9 86864 43108 54441
Edge	143	210	127	1	0	0	49	-1
	Sequence	-edge_72_0_+disjointig_17_43108_54441 11333 -9 86864 32422 43755
Edge	146	24	21	0	0	0	241	-1
	Sequence	+edge_74_0_+disjointig_18_21585_41511 19926 10 96110 21585 41511
	Sequence	+edge_74_1_-disjointig_2_3796016_3815948 19932 -12 4659791 3796016 3815948
Edge	147	22	23	0	0	0	241	-1
	Sequence	-edge_74_0_+disjointig_18_21585_41511 19926 -10 96110 54598 74524
	Sequence	-edge_74_1_-disjointig_2_3796016_3815948 19932 12 4659791 843842 863774
Edge	154	21	52	0	0	0	132	-1
	Sequence	+edge_78_0_-disjointig_2_3815948_3823341 7393 -12 4659791 3815948 3823341
Edge	155	207	22	0	0	0	132	-1
	Sequence	-edge_78_0_-disjointig_2_3815948_3823341 7393 12 4659791 836449 843842
Edge	172	139	141	0	0	0	60	-1
	Sequence	+edge_87_0_+disjointig_2_48128_158344 110216 12 4659791 48128 158344
Edge	173	139	141	0	0	0	60	-1
	Sequence	-edge_87_0_+disjointig_2_48128_158344 110216 -12 4659791 4501446 4611662
Edge	174	142	72	0	0	1	292	-1
	Sequence	+edge_88_0_+disjointig_2_975999_986609 10610 12 4659791 975999 986609
	Sequence	+edge_88_1_-disjointig_2_3659483_3670106 10623 -12 4659791 3659483 3670106
Edge	175	145	144	0	0	1	292	-1
	Sequence	-edge_88_0_+disjointig_2_975999_986609 10610 -12 4659791 3673181 3683791
	Sequence	-edge_88_1_-disjointig_2_3659483_3670106 10623 12 4659791 989684 1000307
Edge	176	26	145	0	0	0	264	-1
	Sequence	+edge_89_0_+disjointig_2_986609_989684 3075 12 4659791 986609 989684
Edge	177	72	25	0	0	0	264	-1
	Sequence	-edge_89_0_+disjointig_2_986609_989684 3075 -12 4659791 3670106 3673181
Edge	182	116	159	1	0	0	106	14
	Sequence	+edge_92_0_+disjointig_20_45557_62445 16888 13 100826 45557 62445
Edge	183	160	158	1	0	0	106	15
	Sequence	-edge_92_0_+disjointig_20_45557_62445 16888 -13 100826 38380 55268
Edge	184	116	159	1	0	0	116	14
	Sequence	+edge_93_0_+disjointig_8_2167196_2167766 570 26 2511374 2167196 2167766
Edge	185	160	158	1	0	0	116	15
	Sequence	-edge_93_0_+disjointig_8_2167196_2167766 570 -26 2511374 343607 344177
Edge	194	162	165	1	0	0	0	16
	Sequence	+edge_98_0_+disjointig_23_14565_15090 525 16 136545 14565 15090
Edge	195	78	163	1	0	0	0	17
	Sequence	-edge_98_0_+disjointig_23_14565_15090 525 -16 136545 121454 121979
Edge	196	162	165	1	0	0	190	16
	Sequence	+edge_99_0_-disjointig_8_1178970_1180004 1034 -26 2511374 1178970 1180004
Edge	197	78	163	1	0	0	190	17
	Sequence	-edge_99_0_-disjointig_8_1178970_1180004 1034 26 2511374 1331369 1332403
Edge	200	113	75	0	0	0	424	-1
	Sequence	+edge_101_0_+disjointig_23_15090_62396 47306 16 136545 15090 62396
	Sequence	+edge_101_1_-disjointig_8_1180004_1227745 47741 -26 2511374 1180004 1227745
Edge	201	199	12	0	0	0	424	-1
	Sequence	-edge_101_0_+disjointig_23_15090_62396 47306 -16 136545 74148 121454
	Sequence	-edge_101_1_-disjointig_8_1180004_1227745 47741 26 2511374 1283628 1331369
Edge	218	148	170	0	0	0	230	-1
	Sequence	+edge_110_0_+disjointig_3_6368_14748 8380 21 952927 6368 14748
	Sequence	+edge_110_1_+disjointig_3_29207_37405 8198 21 952927 29207 37405
	Sequence	+edge_110_2_-disjointig_4_243106_251498 8392 -22 254493 243106 251498
Edge	219	171	181	0	0	0	230	-1
	Sequence	-edge_110_0_+disjointig_3_6368_14748 8380 -21 952927 938178 946558
	Sequence	-edge_110_1_+disjointig_3_29207_37405 8198 -21 952927 915521 923719
	Sequence	-edge_110_2_-disjointig_4_243106_251498 8392 22 254493 2994 11386
Edge	232	175	173	1	0	0	498	-1
	Sequence	+edge_117_0_+disjointig_3_885719_899237 13518 21 952927 885719 899237
	Sequence	+edge_117_1_-disjointig_3_38446_51991 13545 -21 952927 38446 51991
	Sequence	+edge_117_2_+disjointig_6_22549_36113 13564 24 766944 22549 36113
	Sequence	+edge_117_3_-disjointig_6_715578_729146 13568 -24 766944 715578 729146
Edge	233	178	177	1	0	0	498	-1
	Sequence	-edge_117_0_+disjointig_3_885719_899237 13518 -21 952927 53689 67207
	Sequence	-edge_117_1_-disjointig_3_38446_51991 13545 21 952927 900935 914480
	Sequence	-edge_117_2_+disjointig_6_22549_36113 13564 -24 766944 730830 744394
	Sequence	-edge_117_3_-disjointig_6_715578_729146 13568 24 766944 37797 51365
Edge	234	173	178	0	0	0	230	-1
	Sequence	+edge_118_0_+disjointig_3_899237_900935 1698 21 952927 899237 900935
	Sequence	+edge_118_1_-disjointig_6_729146_730830 1684 -24 766944 729146 730830
Edge	235	173	178	0	0	0	230	-1
	Sequence	-edge_118_0_+disjointig_3_899237_900935 1698 -21 952927 51991 53689
	Sequence	-edge_118_1_-disjointig_6_729146_730830 1684 24 766944 36113 37797
Edge	236	179	180	0	0	1	1657	-1
	Sequence	+edge_119_0_+disjointig_4_97939_127124 29185 22 254493 97939 127124
	Sequence	+edge_119_1_+disjointig_4_202420_231499 29079 22 254493 202420 231499
	Sequence	+edge_119_2_-disjointig_7_6927_35486 28559 -25 764109 6927 35486
Edge	237	91	189	0	0	1	1657	-1
	Sequence	-edge_119_0_+disjointig_4_97939_127124 29185 -22 254493 127368 156553
	Sequence	-edge_119_1_+disjointig_4_202420_231499 29079 -22 254493 22993 52072
	Sequence	-edge_119_2_-disjointig_7_6927_35486 28559 25 764109 728622 757181
Edge	248	120	154	0	0	0	408	-1
	Sequence	+edge_125_0_+disjointig_8_38211_482502 444291 26 2511374 38211 482502
Edge	249	31	190	0	0	0	408	-1
	Sequence	-edge_125_0_+disjointig_8_38211_482502 444291 -26 2511374 2028871 2473162
Edge	250	191	156	1	0	1	939	-1
	Sequence	+edge_126_0_+disjointig_8_482502_494752 12250 26 2511374 482502 494752
	Sequence	+edge_126_1_+disjointig_8_495511_507536 12025 26 2511374 495511 507536
	Sequence	+edge_126_2_+disjointig_8_508341_520493 12152 26 2511374 508341 520493
Edge	251	108	106	1	0	1	939	-1
	Sequence	-edge_126_0_+disjointig_8_482502_494752 12250 -26 2511374 2016621 2028871
	Sequence	-edge_126_1_+disjointig_8_495511_507536 12025 -26 2511374 2003837 2015862
	Sequence	-edge_126_2_+disjointig_8_508341_520493 12152 -26 2511374 1990880 2003032
Edge	252	106	108	1	0	1	506	-1
	Sequence	+edge_127_0_-disjointig_8_2015862_2016621 759 -26 2511374 2015862 2016621
	Sequence	+edge_127_1_-disjointig_8_2003032_2003837 805 -26 2511374 2003032 2003837
Edge	253	156	191	1	0	1	506	-1
	Sequence	-edge_127_0_-disjointig_8_2015862_2016621 759 26 2511374 494752 495511
	Sequence	-edge_127_1_-disjointig_8_2003032_2003837 805 26 2511374 507536 508341
Edge	256	62	152	0	0	1	22	-1
	Sequence	+edge_129_0_+disjointig_8_1806775_1823672 16897 26 2511374 1806775 1823672
Edge	257	62	152	0	0	1	22	-1
	Sequence	-edge_129_0_+disjointig_8_1806775_1823672 16897 -26 2511374 687701 704598
Edge	258	81	109	0	0	0	226	-1
	Sequence	+edge_130_0_+disjointig_1_50039_295678 245639 1 2812526 50039 295678
Edge	259	76	100	0	0	0	226	-1
	Sequence	-edge_130_0_+disjointig_1_50039_295678 245639 -1 2812526 2516847 2762486
Edge	260	100	13	0	0	0	400	-1
	Sequence	+edge_131_0_-disjointig_1_29341_450918 421577 -1 2812526 29341 450918
Edge	261	14	81	0	0	0	400	-1
	Sequence	-edge_131_0_-disjointig_1_29341_450918 421577 1 2812526 2361607 2783184
Edge	262	117	27	0	0	0	390	-1
	Sequence	+edge_132_0_+disjointig_13_40634_225687 185053 5 415357 40634 225687
Edge	263	157	123	0	0	0	390	-1
	Sequence	-edge_132_0_+disjointig_13_40634_225687 185053 -5 415357 189669 374722
Edge	264	211	9	0	0	0	398	-1
	Sequence	+edge_133_0_+disjointig_1_646897_714484 67587 1 2812526 646897 714484
Edge	265	161	208	0	0	0	398	-1
	Sequence	-edge_133_0_+disjointig_1_646897_714484 67587 -1 2812526 2098041 2165628
Edge	266	9	8	0	0	0	396	-1
	Sequence	+edge_134_0_+disjointig_1_714484_1386272 671788 1 2812526 714484 1386272
Edge	267	5	161	0	0	0	396	-1
	Sequence	-edge_134_0_+disjointig_1_714484_1386272 671788 -1 2812526 1426253 2098041
Edge	268	7	4	0	0	0	406	-1
	Sequence	+edge_135_0_+disjointig_1_1389677_1999976 610299 1 2812526 1389677 1999976
Edge	269	55	6	0	0	0	406	-1
	Sequence	-edge_135_0_+disjointig_1_1389677_1999976 610299 -1 2812526 812549 1422848
Edge	270	3	44	0	0	0	424	-1
	Sequence	+edge_136_0_+disjointig_1_2013967_2299580 285613 1 2812526 2013967 2299580
Edge	271	74	2	0	0	0	424	-1
	Sequence	-edge_136_0_+disjointig_1_2013967_2299580 285613 -1 2812526 512945 798558
Edge	272	103	125	0	0	0	150	-1
	Sequence	+edge_137_0_+disjointig_5_12705_399786 387081 23 399787 12705 399786
Edge	273	155	56	0	0	0	150	-1
	Sequence	-edge_137_0_+disjointig_5_12705_399786 387081 -23 399787 0 387081
Edge	274	164	203	0	0	0	376	-1
	Sequence	+edge_138_0_-disjointig_2_86887_1135578 1048691 -12 4659791 86887 1135578
Edge	275	129	42	0	0	0	376	-1
	Sequence	-edge_138_0_-disjointig_2_86887_1135578 1048691 12 4659791 3524212 4572903
Edge	276	30	146	0	0	0	249	-1
	Sequence	+edge_139_0_+disjointig_13_245140_290315 45175 5 415357 245140 290315
	Sequence	+edge_139_1_-disjointig_21_55099_100434 45335 -14 111564 55099 100434
Edge	277	205	10	0	0	0	249	-1
	Sequence	-edge_139_0_+disjointig_13_245140_290315 45175 -5 415357 125041 170216
	Sequence	-edge_139_1_-disjointig_21_55099_100434 45335 14 111564 11129 56464
Edge	280	202	195	0	0	0	318	-1
	Sequence	+edge_141_0_-disjointig_9_320904_1271765 950861 -27 1271766 320904 1271765
Edge	281	168	174	0	0	0	318	-1
	Sequence	-edge_141_0_-disjointig_9_320904_1271765 950861 27 1271766 0 950861
Edge	282	107	142	0	0	0	396	-1
	Sequence	+edge_142_0_-disjointig_2_1135578_3659483 2523905 -12 4659791 1135578 3659483
Edge	283	144	188	0	0	0	396	-1
	Sequence	-edge_142_0_-disjointig_2_1135578_3659483 2523905 12 4659791 1000307 3524212
Edge	284	177	77	0	0	0	112	-1
	Sequence	+edge_143_0_+disjointig_6_51365_510763 459398 24 766944 51365 510763
Edge	285	45	175	0	0	0	112	-1
	Sequence	-edge_143_0_+disjointig_6_51365_510763 459398 -24 766944 256180 715578
Edge	286	132	24	0	0	0	334	-1
	Sequence	+edge_144_0_-disjointig_2_3683791_3796016 112225 -12 4659791 3683791 3796016
Edge	287	23	28	0	0	0	334	-1
	Sequence	-edge_144_0_-disjointig_2_3683791_3796016 112225 12 4659791 863774 975999
Edge	288	52	135	0	0	0	382	-1
	Sequence	+edge_145_0_-disjointig_2_3823341_4467625 644284 -12 4659791 3823341 4467625
Edge	289	184	207	0	0	0	382	-1
	Sequence	-edge_145_0_-disjointig_2_3823341_4467625 644284 12 4659791 192165 836449
Edge	290	135	139	0	0	0	42	-1
	Sequence	+edge_146_0_+disjointig_2_14456_48128 33672 12 4659791 14456 48128
	Sequence	+edge_146_1_-disjointig_2_4467625_4501446 33821 -12 4659791 4467625 4501446
Edge	291	141	184	0	0	0	42	-1
	Sequence	-edge_146_0_+disjointig_2_14456_48128 33672 -12 4659791 4611662 4645334
	Sequence	-edge_146_1_-disjointig_2_4467625_4501446 33821 12 4659791 158344 192165
Edge	292	51	1	0	0	0	424	-1
	Sequence	+edge_147_0_+disjointig_8_1844356_2167196 322840 26 2511374 1844356 2167196
Edge	293	88	118	0	0	0	424	-1
	Sequence	-edge_147_0_+disjointig_8_1844356_2167196 322840 -26 2511374 344177 667017
Edge	294	47	196	0	0	0	364	-1
	Sequence	+edge_148_0_+disjointig_8_2167766_2511373 343607 26 2511374 2167766 2511373
Edge	295	167	0	0	0	0	364	-1
	Sequence	-edge_148_0_+disjointig_8_2167766_2511373 343607 -26 2511374 0 343607
Edge	296	176	90	0	0	0	400	-1
	Sequence	+edge_149_0_-disjointig_8_725300_1178970 453670 -26 2511374 725300 1178970
Edge	297	11	29	0	0	0	400	-1
	Sequence	-edge_149_0_-disjointig_8_725300_1178970 453670 26 2511374 1332403 1786073
Edge	298	75	32	0	0	0	374	-1
	Sequence	+edge_150_0_-disjointig_8_1227745_1990880 763135 -26 2511374 1227745 1990880
Edge	299	33	199	0	0	0	374	-1
	Sequence	-edge_150_0_-disjointig_8_1227745_1990880 763135 26 2511374 520493 1283628
Edge	300	190	35	0	0	0	394	-1
	Sequence	+edge_151_0_+disjointig_7_41905_728622 686717 25 764109 41905 728622
Edge	301	36	120	0	0	0	394	-1
	Sequence	-edge_151_0_+disjointig_7_41905_728622 686717 -25 764109 35486 722203
Edge	302	34	148	0	0	0	160	-1
	Sequence	+edge_152_0_-disjointig_4_156553_243106 86553 -22 254493 156553 243106
Edge	303	181	37	0	0	0	160	-1
	Sequence	-edge_152_0_-disjointig_4_156553_243106 86553 22 254493 11386 97939
Edge	304	170	175	0	0	0	388	-1
	Sequence	+edge_153_0_+disjointig_3_37405_885719 848314 21 952927 37405 885719
Edge	305	177	171	0	0	0	388	-1
	Sequence	-edge_153_0_+disjointig_3_37405_885719 848314 -21 952927 67207 915521
Edge	306	189	91	0	0	0	244	-1
	Sequence	+edge_154_0_-disjointig_4_52072_127368 75296 -22 254493 52072 127368
Edge	307	180	179	0	0	0	244	-1
	Sequence	-edge_154_0_-disjointig_4_52072_127368 75296 22 254493 127124 202420
Edge	310	147	153	0	0	0	112	-1
	Sequence	+edge_156_0_+READID00001006011_884_19297 18413 * 0 0 0
Edge	311	204	69	0	0	0	112	-1
	Sequence	-edge_156_0_+READID00001006011_884_19297 18413 * 0 0 0
Edge	312	64	205	0	0	0	162	-1
	Sequence	+edge_157_0_+READID00001004032_13278_31656 18378 * 0 0 0
Edge	313	146	93	0	0	0	162	-1
	Sequence	-edge_157_0_+READID00001004032_13278_31656 18378 * 0 0 0
Edge	314	183	206	0	0	0	366	-1
	Sequence	+edge_158_0_+READID00000985763_27768_71699 43931 * 0 0 0
Edge	315	97	95	0	0	0	366	-1
	Sequence	-edge_158_0_+READID00000985763_27768_71699 43931 * 0 0 0
Edge	320	44	43	0	0	0	274	-1
	Sequence	+edge_161_0_-READID00000068827_18728_20260 1532 * 0 0 0
Edge	321	133	74	0	0	0	274	-1
	Sequence	-edge_161_0_-READID00000068827_18728_20260 1532 * 0 0 0
Edge	322	209	211	0	0	0	364	-1
	Sequence	+edge_162_0_+READID00000212103_24373_63856 39483 * 0 0 0
Edge	323	208	38	0	0	0	364	-1
	Sequence	-edge_162_0_+READID00000212103_24373_63856 39483 * 0 0 0
Edge	326	37	36	0	0	0	277	-1
	Sequence	+edge_164_0_+READID00000354343_5454_33920 28466 * 0 0 0
Edge	327	35	34	0	0	0	277	-1
	Sequence	-edge_164_0_+READID00000354343_5454_33920 28466 * 0 0 0
Edge	328	154	33	0	0	0	391	-1
	Sequence	+edge_165_0_+READID00000433992_7442_33254 25812 * 0 0 0
Edge	329	32	31	0	0	0	391	-1
	Sequence	-edge_165_0_+READID00000433992_7442_33254 25812 * 0 0 0
Edge	330	118	176	0	0	0	412	-1
	Sequence	+edge_166_0_+READID00000697902_14511_72902 58391 * 0 0 0
Edge	331	29	51	0	0	0	412	-1
	Sequence	-edge_166_0_+READID00000697902_14511_72902 58391 * 0 0 0
Edge	332	28	26	0	0	0	299	-1
	Sequence	+edge_167_0_+READID00000807968_8451_18985 10534 * 0 0 0
Edge	333	25	132	0	0	0	299	-1
	Sequence	-edge_167_0_+READID00000807968_8451_18985 10534 * 0 0 0
Edge	340	17	85	0	0	0	386	-1
	Sequence	+edge_171_haplotype 2235 * 0 0 0
Edge	341	182	16	0	0	0	386	-1
	Sequence	-edge_171_haplotype 2235 * 0 0 0
Edge	342	15	14	0	0	0	404	-1
	Sequence	+edge_172_haplotype 2241 * 0 0 0
Edge	343	13	128	0	0	0	404	-1
	Sequence	-edge_172_haplotype 2241 * 0 0 0
Edge	344	12	11	0	0	0	412	-1
	Sequence	+edge_173_haplotype 525 * 0 0 0
Edge	345	90	113	0	0	0	412	-1
	Sequence	-edge_173_haplotype 525 * 0 0 0
Edge	346	27	30	0	0	0	319	-1
	Sequence	+edge_174_haplotype 4592 * 0 0 0
Edge	347	10	157	0	0	0	319	-1
	Sequence	-edge_174_haplotype 4592 * 0 0 0
Edge	348	8	7	0	0	0	401	-1
	Sequence	+edge_175_haplotype 4330 * 0 0 0
Edge	349	6	5	0	0	0	401	-1
	Sequence	-edge_175_haplotype 4330 * 0 0 0
Edge	350	4	3	0	0	0	415	-1
	Sequence	+edge_176_haplotype 5491 * 0 0 0
Edge	351	2	55	0	0	0	415	-1
	Sequence	-edge_176_haplotype 5491 * 0 0 0
Edge	352	1	47	0	0	0	394	-1
	Sequence	+edge_177_haplotype 16888 * 0 0 0
Edge	353	0	88	0	0	0	394	-1
	Sequence	-edge_177_haplotype 16888 * 0 0 0
