#  fam    ele   dir  sequence    start     end
     1      1  1      gi|10     7733    14113 
     1    178 -1       gi|9    17628    23999 
     2      2  1      gi|10    18244    18480 
     2     55 -1      gi|16    28944    29204 
     2     60 -1      gi|17    11840    12149 
     3      3  1      gi|10    26366    26554 
     3    108  1      gi|23    38244    38415 
     4      4  1      gi|10    27359    27687 
     4     42 -1      gi|14    23610    23942 
     5      5  1      gi|10    31285    31659 
     5     21 -1      gi|11    25961    26026 
     5    133 -1      gi|27    23492    23874 
     5     20 -1      gi|11    25601    25856 
     6      6  1      gi|10    31951    32052 
     6     64 -1      gi|18    31418    31505 
     7      7  1      gi|10    34616    34707 
     7    129 -1      gi|27     5445     5530 
     8      8  1      gi|10    35726    36300 
     8    127 -1      gi|27     4173     4605 
     8    128 -1      gi|27     4600     4858 
     9      9  1      gi|10    36609    37193 
     9    126 -1      gi|27     3462     4013 
    10     10  1      gi|10    37789    38256 
    10     53 -1      gi|16    12155    12596 
    11     11  1      gi|11    10721    11287 
    11     59  1      gi|17     5140     5670 
    11    167  1       gi|8    26531    26738 
    12     12  1      gi|11    11425    11669 
    12     78  1       gi|2    37743    38004 
    12     27  1      gi|11    37184    37259 
    13     13  1      gi|11    11666    11991 
    13     79  1       gi|2    38167    38522 
    14     14  1      gi|11    17515    17635 
    14     71 -1      gi|19    35172    35275 
    15     15  1      gi|11    17588    17761 
    15    181  1      gi|18     2042     2241 
    15     94 -1      gi|22    31219    31356 
    15    141 -1       gi|3    38651    38756 
    15    182  1      gi|21    18564    18843 
    15    183 -1      gi|22    34881    35124 
    15    184 -1      gi|20    38617    38836 
    15    192 -1      gi|30    24178    24392 
    15    135 -1      gi|28    11013    11151 
    15     34  1      gi|13      126      209 
    15     46  1      gi|15    19518    19635 
    15     95 -1      gi|22    31289    31449 
    15    193  1       gi|8    28540    28765 
    15     83  1      gi|20    23174    23329 
    15     47  1      gi|15    20033    20126 
    16     16  1      gi|11    21453    22296 
    16     70  1      gi|19    24453    25217 
    16    117  1      gi|25    19307    19601 
    17     17  1      gi|11    23982    24284 
    17    185  1      gi|16        2     1932 
    17    174  1       gi|9       40      606 
    17    175  1       gi|9      931     1053 
    17    188 -1       gi|4    26235    28161 
    18     18  1      gi|11    25139    25313 
    18    186  1      gi|16     1932     3825 
    18    187 -1       gi|4    24344    26232 
    18     19  1      gi|11    25330    25622 
    18    176  1       gi|9     2482     2740 
    19     22  1      gi|11    27592    27636 
    19    177 -1       gi|9     3874     3919 
    20     23  1      gi|11    31122    31229 
    20    197  1      gi|30     4783     6172 
    20     86 -1      gi|21     3585     3840 
    20    100 -1      gi|23    17752    18287 
    20    103 -1      gi|23    19627    20586 
    20    105 -1      gi|23    21555    23136 
    20    189  1      gi|11    35609    35825 
    20    144  1      gi|30     7663     8479 
    20    195  1      gi|30    13641    14384 
    20    196  1      gi|18    27078    28744 
    20     85 -1      gi|21     2390     2602 
    20    124 -1      gi|26    26029    26704 
    20    149  1      gi|30    15418    15475 
    21     24  1      gi|11    32338    33570 
    21    147 -1      gi|30    11005    12298 
    22     26  1      gi|11    36031    36939 
    22    118  1      gi|25    19603    20241 
    22    139  1       gi|3    22653    23363 
    23     28  1      gi|11    37732    37891 
    23    157 -1       gi|4    40717    40894 
    23    190 -1      gi|13    39868    39999 
    23    191  1       gi|8     1303     1438 
    23    138  1       gi|3    13754    13935 
    24     29  1      gi|12     1226     1443 
    24     87 -1      gi|21    13642    13853 
    25     30  1      gi|12     2495     2632 
    25     88  1      gi|21    15962    16115 
    26     31  1      gi|12    28965    29252 
    26    173 -1       gi|8    38947    39230 
    26     32 -1      gi|12    29385    29544 
    27     33  1      gi|12    33909    33963 
    27    109  1      gi|23    38731    38784 
    28     35  1      gi|13     7105     7193 
    28     77  1       gi|2    32900    32992 
    29     36  1      gi|13    16271    16745 
    29    151  1      gi|30    35090    35585 
    30     37  1      gi|13    20574    21399 
    30     68 -1      gi|19     9125     9992 
    30    165  1       gi|7    36435    37217 
    31     38  1      gi|13    21422    21541 
    31    123 -1      gi|26     5531     6512 
    31     50  1      gi|16     6688     7555 
    32     39  1      gi|13    38162    38256 
    32     89  1      gi|21    17217    17308 
    33     41  1      gi|14    10604    10926 
    33    106 -1      gi|23    23233    23854 
    34     43  1      gi|14    23966    24092 
    34    115  1      gi|25     9322     9452 
    35     44  1      gi|14    24144    24639 
    35    116  1      gi|25     9412     9867 
    36     45  1      gi|14    25614    25839 
    36    164 -1       gi|7    35616    35843 
    37     49  1      gi|16     3800     4622 
    37    152 -1       gi|4    23462    24285 
    37    156  1       gi|4    35933    35990 
    38     51  1      gi|16     7461     7810 
    38    122 -1      gi|26     4962     5308 
    39     52  1      gi|16     8147     8512 
    39    121 -1      gi|26     4583     4960 
    40     54  1      gi|16    15916    16033 
    40     69  1      gi|19    13054    13154 
    40     82  1      gi|20    19912    20034 
    41     56  1      gi|16    33186    33500 
    41     58 -1      gi|17     3603     3891 
    42     57  1      gi|16    35321    35412 
    42    171 -1       gi|8    35352    35443 
    43     62  1      gi|18    26263    26533 
    43     74 -1       gi|2    21501    21774 
    43     66  1      gi|18    35549    35654 
    44     65  1      gi|18    35000    35288 
    44    132 -1      gi|27    21028    21325 
    45     67  1      gi|18    38552    38923 
    45    131  1      gi|27    12577    12770 
    45    168 -1       gi|8    26855    27139 
    46     72  1       gi|2     2768     2912 
    46    146  1      gi|30     9861    10005 
    47     73  1       gi|2    21258    21507 
    47    161  1       gi|6    27749    27997 
    48     75  1       gi|2    21829    22460 
    48    162  1       gi|6    28187    28871 
    48    102  1      gi|23    19238    19630 
    49     76  1       gi|2    22960    23263 
    49    169 -1       gi|8    27137    27418 
    50     80  1      gi|20    15198    15282 
    51     81  1      gi|20    19271    19479 
    51    113  1      gi|24    36378    36592 
    52     91  1      gi|21    28904    29132 
    52     98  1      gi|23     9657     9902 
    53     92  1      gi|21    30666    30812 
    53    163 -1       gi|7     1964     2140 
    53    125 -1      gi|26    27717    27902 
    54     93  1      gi|21    31039    31234 
    54    159 -1       gi|6    25244    25436 
    55     97  1      gi|22    38219    38373 
    55    140 -1       gi|3    23564    24179 
    55    119 -1      gi|25    20173    20695 
    56    101  1      gi|23    18177    18665 
    56    160  1       gi|6    27193    27649 
    57    104  1      gi|23    21176    21252 
    57    136 -1      gi|29     2245     2316 
    58    107  1      gi|23    36884    37632 
    58    137  1      gi|29     4001     4745 
    59    110  1      gi|24     6196     6300 
    60    111  1      gi|24    17924    18396 
    60    145 -1      gi|30     8911     9376 
    61    112  1      gi|24    22899    22993 
    62    114  1      gi|25     8777     9155 
    62    158  1       gi|5    33368    33723 
    63    120  1      gi|26     2251     2347 
    63    130 -1      gi|27     7231     7435 
    63    194 -1      gi|23    11295    11408 
    64    134  1      gi|27    28234    28612 
    64    142 -1      gi|30     4398     4789 
    65    154  1       gi|4    32503    33848 
    65    180 -1       gi|9    35351    36709 
    66    155  1       gi|4    33985    34070 
    66    179  1       gi|9    26859    26944 
    67    172  1       gi|8    37441    37863 
