1 gi|10 7733 14113
2 gi|10 18244 18480
3 gi|10 26366 26554
4 gi|10 27359 27687
5 gi|10 31284 31659
6 gi|10 31951 32052
7 gi|10 34616 34707
8 gi|10 35726 36300
9 gi|10 36609 37193
10 gi|10 37789 38256
11 gi|11 10721 11287
12 gi|11 11425 11669
13 gi|11 11666 11991
14 gi|11 17515 17635
15 gi|11 17588 17762
16 gi|11 21453 22296
17 gi|11 23982 24287
18 gi|11 25134 25313
19 gi|11 25330 25622
20 gi|11 25596 25857
21 gi|11 25961 26027
22 gi|11 27592 27636
23 gi|11 31122 31232
24 gi|11 32338 33570
25 gi|11 35598 35833
26 gi|11 36031 36939
27 gi|11 37184 37259
28 gi|11 37732 37892
29 gi|12 1226 1443
30 gi|12 2495 2632
31 gi|12 28965 29252
32 gi|12 29385 29544
33 gi|12 33909 33963
34 gi|13 124 211
35 gi|13 7105 7193
36 gi|13 16271 16745
37 gi|13 20574 21399
38 gi|13 21422 21541
39 gi|13 38162 38256
40 gi|13 39850 39999
41 gi|14 10604 10926
42 gi|14 23610 23942
43 gi|14 23966 24092
44 gi|14 24144 24639
45 gi|14 25614 25839
46 gi|15 19516 19635
47 gi|15 20033 20126
48 gi|16 2 3825
49 gi|16 3800 4627
50 gi|16 6688 7555
51 gi|16 7461 7810
52 gi|16 8147 8514
53 gi|16 12155 12596
54 gi|16 15916 16034
55 gi|16 28944 29209
56 gi|16 33186 33500
57 gi|16 35321 35412
58 gi|17 3603 3891
59 gi|17 5135 5670
60 gi|17 11840 12149
61 gi|18 2033 2269
62 gi|18 26263 26533
63 gi|18 27072 28765
64 gi|18 31418 31505
65 gi|18 35000 35288
66 gi|18 35549 35654
67 gi|18 38552 38923
68 gi|19 9118 9992
69 gi|19 13054 13154
70 gi|19 24453 25217
71 gi|19 35172 35275
72 gi|2 2768 2912
73 gi|2 21258 21507
74 gi|2 21501 21774
75 gi|2 21829 22460
76 gi|2 22960 23263
77 gi|2 32900 32992
78 gi|2 37740 38004
79 gi|2 38167 38522
80 gi|20 15198 15285
81 gi|20 19271 19479
82 gi|20 19912 20034
83 gi|20 23174 23329
84 gi|20 38617 38856
85 gi|21 2387 2602
86 gi|21 3585 3840
87 gi|21 13642 13853
88 gi|21 15962 16115
89 gi|21 17217 17308
90 gi|21 18542 18843
91 gi|21 28904 29132
92 gi|21 30666 30812
93 gi|21 31039 31234
94 gi|22 31219 31356
95 gi|22 31289 31449
96 gi|22 34854 35127
97 gi|22 38219 38373
98 gi|23 9657 9902
99 gi|23 11283 11420
100 gi|23 17751 18288
101 gi|23 18177 18665
102 gi|23 19236 19630
103 gi|23 19621 20586
104 gi|23 21176 21252
105 gi|23 21549 23136
106 gi|23 23233 23854
107 gi|23 36884 37632
108 gi|23 38244 38415
109 gi|23 38731 38784
110 gi|24 6187 6300
111 gi|24 17924 18396
112 gi|24 22899 22993
113 gi|24 36378 36592
114 gi|25 8777 9155
115 gi|25 9322 9452
116 gi|25 9412 9867
117 gi|25 19307 19602
118 gi|25 19603 20241
119 gi|25 20173 20695
120 gi|26 2251 2347
121 gi|26 4583 4960
122 gi|26 4962 5308
123 gi|26 5531 6512
124 gi|26 26021 26704
125 gi|26 27717 27902
126 gi|27 3462 4013
127 gi|27 4173 4605
128 gi|27 4600 4858
129 gi|27 5445 5530
130 gi|27 7228 7435
131 gi|27 12576 12772
132 gi|27 21028 21325
133 gi|27 23492 23874
134 gi|27 28234 28612
135 gi|28 11013 11153
136 gi|29 2245 2316
137 gi|29 4001 4745
138 gi|3 13754 13939
139 gi|3 22653 23363
140 gi|3 23564 24179
141 gi|3 38651 38760
142 gi|30 4398 4789
143 gi|30 4777 6186
144 gi|30 7662 8479
145 gi|30 8911 9376
146 gi|30 9861 10005
147 gi|30 11005 12298
148 gi|30 13641 14411
149 gi|30 15418 15475
150 gi|30 24175 24411
151 gi|30 35090 35585
152 gi|4 23462 24285
153 gi|4 24344 28161
154 gi|4 32503 33848
155 gi|4 33985 34070
156 gi|4 35933 35990
157 gi|4 40713 40895
158 gi|5 33368 33723
159 gi|6 25244 25436
160 gi|6 27193 27649
161 gi|6 27749 27997
162 gi|6 28187 28871
163 gi|7 1964 2141
164 gi|7 35616 35843
165 gi|7 36435 37217
166 gi|8 1298 1457
167 gi|8 26531 26738
168 gi|8 26855 27139
169 gi|8 27137 27418
170 gi|8 28522 28765
171 gi|8 35352 35443
172 gi|8 37441 37863
173 gi|8 38947 39232
174 gi|9 40 606
175 gi|9 931 1053
176 gi|9 2482 2740
177 gi|9 3874 3919
178 gi|9 17628 23999
179 gi|9 26859 26944
180 gi|9 35351 36709
