125 56478 gi|10 7733 14113 
126 305 gi|10 18244 18480 
128 262 gi|10 26366 26554 
130 764 gi|10 27359 27687 
132 361 gi|10 31284 31349 
134 2157 gi|10 31286 31644 
136 1442 gi|10 31409 31659 
138 315 gi|10 31951 32052 
140 264 gi|10 34616 34707 
142 723 gi|10 35726 35990 
144 692 gi|10 35854 36300 
146 1997 gi|10 36609 37193 
148 277 gi|10 36868 37028 
150 2039 gi|10 37789 38256 
95 334 gi|11 10721 10883 
152 491 gi|11 10757 11287 
17 795 gi|11 11425 11669 
21 1313 gi|11 11666 11991 
154 287 gi|11 17515 17635 
156 370 gi|11 17588 17762 
158 1493 gi|11 21453 22296 
160 731 gi|11 21524 21858 
162 1460 gi|11 23982 24287 
53 1397 gi|11 23982 24287 
164 554 gi|11 25134 25313 
51 534 gi|11 25134 25313 
47 1464 gi|11 25330 25622 
166 1350 gi|11 25343 25622 
168 1432 gi|11 25596 25857 
137 1442 gi|11 25606 25856 
133 361 gi|11 25961 26027 
170 295 gi|11 25961 26025 
123 272 gi|11 27592 27636 
174 298 gi|11 31122 31232 
172 298 gi|11 31122 31226 
176 613 gi|11 32338 33570 
178 476 gi|11 35598 35821 
186 464 gi|11 35609 35833 
180 674 gi|11 35609 35830 
182 348 gi|11 35609 35770 
184 326 gi|11 35609 35770 
31 892 gi|11 36031 36748 
188 501 gi|11 36262 36939 
19 270 gi|11 37184 37259 
65 345 gi|11 37732 37891 
25 322 gi|11 37732 37869 
91 350 gi|11 37773 37891 
190 275 gi|11 37777 37892 
192 325 gi|12 1226 1443 
194 287 gi|12 2495 2632 
115 577 gi|12 28965 29252 
117 429 gi|12 29385 29544 
196 254 gi|12 33909 33963 
198 262 gi|13 124 208 
200 361 gi|13 125 210 
202 339 gi|13 131 211 
15 314 gi|13 7105 7193 
204 441 gi|13 16271 16745 
206 347 gi|13 16273 16438 
208 319 gi|13 16357 16438 
210 334 gi|13 20574 21399 
85 876 gi|13 20616 21366 
212 746 gi|13 21088 21396 
214 850 gi|13 21422 21541 
216 283 gi|13 38162 38256 
93 289 gi|13 39850 39999 
29 286 gi|13 39866 39999 
191 275 gi|13 39868 39999 
67 360 gi|13 39869 39999 
218 730 gi|14 10604 10926 
131 764 gi|14 23610 23942 
220 299 gi|14 23966 24092 
222 763 gi|14 24144 24639 
83 360 gi|14 25614 25839 
199 262 gi|15 19516 19598 
224 363 gi|15 19519 19635 
226 387 gi|15 20033 20126 
45 31329 gi|16 2 3825 
119 310 gi|16 240 779 
121 265 gi|16 997 1119 
163 1460 gi|16 1631 1936 
165 554 gi|16 1928 2107 
167 1350 gi|16 2757 3039 
43 6389 gi|16 3800 4627 
61 259 gi|16 4567 4618 
228 923 gi|16 6688 7555 
230 1089 gi|16 7461 7810 
232 1238 gi|16 8147 8512 
234 251 gi|16 8381 8514 
151 2039 gi|16 12155 12596 
236 618 gi|16 15916 16034 
238 393 gi|16 15933 16032 
240 448 gi|16 28944 29200 
127 305 gi|16 28970 29209 
209 319 gi|16 28975 29056 
242 250 gi|16 33186 33500 
109 292 gi|16 35321 35412 
243 250 gi|17 3603 3891 
97 325 gi|17 5135 5308 
153 491 gi|17 5145 5670 
101 305 gi|17 5270 5494 
13 398 gi|17 5308 5543 
207 347 gi|17 11840 12005 
244 384 gi|17 11863 12006 
241 448 gi|17 11893 12149 
246 344 gi|18 2033 2241 
248 286 gi|18 2036 2098 
250 325 gi|18 2039 2269 
157 370 gi|18 2048 2243 
252 335 gi|18 2125 2243 
41 328 gi|18 2154 2242 
5 1196 gi|18 26263 26533 
254 1451 gi|18 27072 27921 
256 881 gi|18 27077 27821 
260 1857 gi|18 27078 28726 
258 2069 gi|18 27078 27953 
187 464 gi|18 27180 27407 
262 384 gi|18 27817 27989 
264 2049 gi|18 27826 28751 
266 639 gi|18 27907 28257 
268 934 gi|18 28100 28731 
270 1427 gi|18 28157 28765 
272 2121 gi|18 28206 28744 
139 315 gi|18 31418 31505 
274 354 gi|18 35000 35288 
7 548 gi|18 35549 35654 
111 522 gi|18 38552 38848 
99 348 gi|18 38562 38770 
276 484 gi|18 38704 38923 
278 404 gi|19 9118 9413 
211 334 gi|19 9125 9992 
87 666 gi|19 9160 9866 
239 393 gi|19 13054 13154 
159 1493 gi|19 24453 25217 
280 664 gi|19 24528 24793 
155 287 gi|19 35172 35275 
0 252 gi|2 2768 2912 
2 355 gi|2 21258 21507 
4 1196 gi|2 21501 21774 
6 548 gi|2 21514 21620 
8 281 gi|2 21829 22460 
10 367 gi|2 22960 23263 
12 398 gi|2 22986 23221 
14 314 gi|2 32900 32992 
16 795 gi|2 37740 38004 
18 270 gi|2 37746 37831 
20 1313 gi|2 38167 38522 
201 361 gi|20 15198 15282 
282 317 gi|20 15210 15285 
284 715 gi|20 19271 19479 
237 618 gi|20 19912 20034 
105 358 gi|20 23174 23329 
286 292 gi|20 23185 23269 
288 349 gi|20 23206 23301 
227 387 gi|20 23207 23312 
290 463 gi|20 38617 38856 
249 286 gi|20 38773 38836 
292 275 gi|21 2387 2602 
294 266 gi|21 2394 2451 
296 288 gi|21 3585 3840 
193 325 gi|21 13642 13853 
195 287 gi|21 15962 16115 
217 283 gi|21 17217 17308 
291 463 gi|21 18542 18772 
298 343 gi|21 18558 18816 
247 344 gi|21 18559 18843 
287 292 gi|21 18693 18779 
107 265 gi|21 18718 18828 
300 277 gi|21 28904 29132 
81 329 gi|21 30666 30812 
71 374 gi|21 31039 31234 
39 297 gi|22 31219 31316 
253 335 gi|22 31240 31356 
302 262 gi|22 31289 31449 
251 325 gi|22 34854 35125 
304 260 gi|22 34989 35127 
37 356 gi|22 38219 38373 
301 277 gi|23 9657 9902 
306 304 gi|23 11283 11408 
308 320 gi|23 11292 11420 
310 315 gi|23 11302 11408 
273 2121 gi|23 17751 18288 
312 1248 gi|23 17753 18285 
314 1574 gi|23 17771 18288 
316 1371 gi|23 17782 18248 
73 2507 gi|23 18177 18665 
75 1974 gi|23 19236 19630 
318 310 gi|23 19241 19591 
267 639 gi|23 19621 20022 
320 1373 gi|23 19627 20586 
259 2069 gi|23 19740 20586 
322 831 gi|23 19946 20580 
179 476 gi|23 20263 20493 
175 298 gi|23 20472 20586 
324 329 gi|23 21176 21252 
326 3369 gi|23 21549 22298 
328 1293 gi|23 21556 23136 
261 1857 gi|23 21568 23136 
330 863 gi|23 21585 22055 
332 3889 gi|23 22289 23136 
185 326 gi|23 22866 23033 
219 730 gi|23 23233 23556 
89 570 gi|23 23367 23811 
279 404 gi|23 23534 23854 
213 746 gi|23 23536 23844 
334 2421 gi|23 36884 37632 
129 262 gi|23 38244 38415 
197 254 gi|23 38731 38784 
307 304 gi|24 6187 6300 
336 337 gi|24 17924 18396 
311 315 gi|24 22899 22993 
285 715 gi|24 36378 36592 
69 823 gi|25 8777 9155 
221 299 gi|25 9322 9452 
223 763 gi|25 9412 9867 
161 731 gi|25 19307 19602 
281 664 gi|25 19307 19600 
33 1105 gi|25 19603 20062 
189 501 gi|25 19604 20241 
35 411 gi|25 20173 20695 
338 320 gi|26 2251 2347 
233 1238 gi|26 4583 4960 
231 1089 gi|26 4962 5308 
215 850 gi|26 5531 5650 
229 923 gi|26 5567 6512 
340 846 gi|26 26021 26520 
269 934 gi|26 26029 26675 
342 1256 gi|26 26034 26520 
331 863 gi|26 26048 26520 
317 1371 gi|26 26048 26514 
344 361 gi|26 26499 26704 
79 270 gi|26 27717 27902 
147 1997 gi|27 3462 4013 
149 277 gi|27 3700 3860 
145 692 gi|27 4173 4605 
143 723 gi|27 4600 4858 
141 264 gi|27 5445 5530 
309 320 gi|27 7228 7376 
339 320 gi|27 7235 7323 
235 251 gi|27 7297 7435 
277 484 gi|27 12576 12772 
113 366 gi|27 12578 12768 
275 354 gi|27 21028 21325 
169 1432 gi|27 23492 23751 
135 2157 gi|27 23515 23874 
171 295 gi|27 23810 23874 
346 432 gi|27 28234 28612 
305 260 gi|28 11013 11153 
325 329 gi|29 2245 2316 
335 2421 gi|29 4001 4745 
22 488 gi|3 13754 13931 
24 322 gi|3 13755 13913 
26 534 gi|3 13791 13939 
28 286 gi|3 13800 13938 
30 892 gi|3 22653 23363 
32 1105 gi|3 22883 23350 
34 411 gi|3 23564 24167 
36 356 gi|3 24029 24179 
38 297 gi|3 38651 38752 
40 328 gi|3 38672 38760 
347 432 gi|30 4398 4789 
319 310 gi|30 4411 4770 
77 287 gi|30 4417 4770 
255 1451 gi|30 4777 5597 
329 1293 gi|30 4783 6172 
321 1373 gi|30 4783 5734 
173 298 gi|30 4783 4889 
297 288 gi|30 4874 5134 
181 674 gi|30 4887 5114 
265 2049 gi|30 5307 6186 
345 361 gi|30 5365 5607 
315 1574 gi|30 5689 6154 
343 1256 gi|30 5721 6157 
257 881 gi|30 7662 8422 
333 3889 gi|30 7663 8479 
323 831 gi|30 7669 8386 
183 348 gi|30 7766 7931 
263 384 gi|30 8229 8393 
337 337 gi|30 8911 9376 
1 252 gi|30 9861 10005 
177 613 gi|30 11005 12298 
327 3369 gi|30 13641 14391 
271 1427 gi|30 13803 14411 
313 1248 gi|30 13863 14383 
341 846 gi|30 13884 14381 
293 275 gi|30 14170 14384 
295 266 gi|30 15418 15475 
299 343 gi|30 24175 24399 
103 488 gi|30 24180 24411 
289 349 gi|30 24183 24276 
303 262 gi|30 24225 24393 
225 363 gi|30 24275 24394 
203 339 gi|30 24311 24390 
283 317 gi|30 24324 24399 
205 441 gi|30 35090 35585 
245 384 gi|30 35115 35258 
42 6389 gi|4 23462 24285 
44 31329 gi|4 24344 28161 
46 1464 gi|4 25128 25429 
48 273 gi|4 25346 25588 
50 534 gi|4 26061 26240 
52 1397 gi|4 26232 26537 
54 271 gi|4 27639 27915 
56 2584 gi|4 32503 33848 
58 339 gi|4 33985 34070 
60 259 gi|4 35933 35990 
62 494 gi|4 40713 40860 
23 488 gi|4 40717 40895 
64 345 gi|4 40718 40894 
66 360 gi|4 40718 40851 
68 823 gi|5 33368 33723 
70 374 gi|6 25244 25436 
72 2507 gi|6 27193 27649 
3 355 gi|6 27749 27997 
9 281 gi|6 28187 28782 
74 1974 gi|6 28444 28871 
76 287 gi|6 28458 28833 
78 270 gi|7 1964 2140 
80 329 gi|7 2008 2141 
82 360 gi|7 35616 35843 
84 876 gi|7 36435 37217 
86 666 gi|7 36481 37217 
88 570 gi|7 36745 37217 
63 494 gi|8 1298 1442 
27 534 gi|8 1298 1438 
90 350 gi|8 1303 1437 
92 289 gi|8 1307 1457 
94 334 gi|8 26531 26722 
96 325 gi|8 26565 26738 
98 348 gi|8 26855 27139 
100 305 gi|8 27137 27361 
11 367 gi|8 27147 27418 
102 488 gi|8 28522 28740 
104 358 gi|8 28609 28765 
106 265 gi|8 28646 28749 
108 292 gi|8 35352 35443 
110 522 gi|8 37441 37788 
112 366 gi|8 37664 37863 
114 577 gi|8 38947 39232 
116 429 gi|8 39072 39228 
118 310 gi|9 40 606 
55 271 gi|9 48 338 
120 265 gi|9 931 1053 
49 273 gi|9 2482 2740 
122 272 gi|9 3874 3919 
124 56478 gi|9 17628 23999 
59 339 gi|9 26859 26944 
57 2584 gi|9 35351 36709 
